100 1666
3 1954
5 705
4 1641
2 1601
1 1591
4 1525
5 1104
2 1261
4 1257
3 1184
1 1238
2 305
4 1689
2 1541
1 643
3 841
2 1038
4 1401
3 1363
4 249
4 1743
5 1441
2 450
2 554
3 104
3 1674
1 1317
3 322
3 1884
3 1275
5 153
4 725
4 1290
4 416
2 974
2 1545
4 1441
5 793
1 1233
5 1344
1 719
2 1881
3 366
5 1255
2 239
3 373
3 766
4 1106
4 551
2 584
5 520
2 452
1 1910
3 650
5 1496
1 1578
3 1026
1 803
2 1128
3 629
5 1894
4 330
4 103
3 1654
4 1848
3 1111
4 983
2 1098
4 109
1 136
1 1618
2 101
3 1495
1 1390
3 1692
3 1799
2 803
4 687
5 1001
4 387
4 647
2 252
1 1733
3 1766
3 847
1 1975
5 450
3 1968
5 727
1 1829
2 1175
5 1484
1 1815
2 1344
5 601
1 814
3 552
3 360
1 1460
2 1109
71 96
96 71
45 93
93 45
69 91
91 69
22 97
97 22
62 98
98 62
64 98
98 64
9 93
93 9
10 95
95 10
1 90
90 1
11 81
81 11
39 96
96 39
20 80
80 20
56 97
97 56
54 95
95 54
45 98
98 45
69 94
94 69
5 93
93 5
47 91
91 47
2 81
81 2
71 98
98 71
86 98
98 86
71 97
97 71
26 91
91 26
77 98
98 77
37 92
92 37
89 98
98 89
85 97
97 85
55 97
97 55
15 86
86 15
40 96
96 40
24 89
89 24
79 98
98 79
83 98
98 83
64 89
89 64
52 89
89 52
5 81
81 5
20 96
96 20
76 93
93 76
51 94
94 51
82 97
97 82
90 97
97 90
82 98
98 82
66 98
98 66
43 91
91 43
94 98
98 94
52 95
95 52
28 98
98 28
18 97
97 18
47 96
96 47
37 93
93 37
22 95
95 22
65 98
98 65
36 94
94 36
41 73
73 41
13 94
94 13
49 96
96 49
69 96
96 69
20 90
90 20
73 98
98 73
7 82
82 7
97 98
98 97
6 92
92 6
29 97
97 29
43 96
96 43
46 94
94 46
85 98
98 85
51 98
98 51
3 96
96 3
58 98
98 58
34 86
86 34
81 97
97 81
17 83
83 17
3 84
84 3
37 98
98 37
44 94
94 44
5 94
94 5
67 98
98 67
17 79
79 17
9 97
97 9
35 98
98 35
46 96
96 46
23 98
98 23
62 97
97 62
5 97
97 5
49 97
97 49
46 91
91 46
53 96
96 53
70 98
98 70
13 96
96 13
57 96
96 57
61 87
87 61
77 96
96 77
78 94
94 78
74 95
95 74
50 96
96 50
55 81
81 55
76 97
97 76
2 95
95 2
61 96
96 61
12 96
96 12
54 98
98 54
81 98
98 81
14 98
98 14
91 98
98 91
31 94
94 31
61 93
93 61
67 95
95 67
16 97
97 16
75 96
96 75
92 98
98 92
26 95
95 26
27 94
94 27
61 97
97 61
10 86
86 10
70 95
95 70
43 97
97 43
93 98
98 93
84 98
98 84
5 83
83 5
96 98
98 96
17 89
89 17
22 92
92 22
43 98
98 43
62 91
91 62
35 94
94 35
5 92
92 5
15 81
81 15
30 82
82 30
12 94
94 12
31 97
97 31
59 98
98 59
11 87
87 11
25 92
92 25
19 97
97 19
44 95
95 44
24 91
91 24
20 88
88 20
47 97
97 47
84 97
97 84
79 96
96 79
10 88
88 10
47 72
72 47
56 98
98 56
86 97
97 86
90 98
98 90
31 88
88 31
23 88
88 23
83 96
96 83
6 95
95 6
33 92
92 33
42 93
93 42
24 96
96 24
34 96
96 34
84 96
96 84
66 96
96 66
67 91
91 67
52 96
96 52
63 93
93 63
5 88
88 5
18 96
96 18
65 97
97 65
43 79
79 43
26 90
90 26
46 95
95 46
12 88
88 12
38 96
96 38
50 98
98 50
88 96
96 88
31 74
74 31
60 92
92 60
70 94
94 70
42 91
91 42
14 94
94 14
30 96
96 30
83 97
97 83
28 90
90 28
35 97
97 35
43 93
93 43
68 96
96 68
46 98
98 46
67 88
88 67
98 99
99 98
6 97
97 6
40 98
98 40
10 87
87 10
40 92
92 40
40 90
90 40
0 96
96 0
40 91
91 40
34 98
98 34
0 82
82 0
45 94
94 45
50 94
94 50
60 96
96 60
26 82
82 26
89 97
97 89
72 97
97 72
40 94
94 40
52 98
98 52
13 85
85 13
70 91
91 70
72 93
93 72
10 91
91 10
14 87
87 14
83 95
95 83
6 90
90 6
0 91
91 0
14 88
88 14
54 97
97 54
24 95
95 24
70 97
97 70
11 95
95 11
64 91
91 64
3 88
88 3
31 96
96 31
0 78
78 0
10 97
97 10
42 94
94 42
87 95
95 87
38 97
97 38
31 83
83 31
31 95
95 31
28 86
86 28
45 96
96 45
95 98
98 95
63 97
97 63
44 88
88 44
2 92
92 2
33 97
97 33
10 93
93 10
47 86
86 47
70 92
92 70
62 95
95 62
25 87
87 25
2 86
86 2
38 98
98 38
55 98
98 55
87 96
96 87
48 97
97 48
0 98
98 0
6 85
85 6
22 98
98 22
2 82
82 2
1 93
93 1
30 97
97 30
34 94
94 34
15 92
92 15
25 98
98 25
22 86
86 22
1 82
82 1
78 98
98 78
87 97
97 87
33 98
98 33
7 95
95 7
15 98
98 15
68 88
88 68
52 94
94 52
18 94
94 18
44 83
83 44
27 91
91 27
62 88
88 62
25 89
89 25
25 91
91 25
64 94
94 64
49 98
98 49
73 94
94 73
68 91
91 68
12 98
98 12
25 97
97 25
17 95
95 17
32 95
95 32
78 95
95 78
5 98
98 5
57 91
91 57
7 74
74 7
14 93
93 14
58 93
93 58
88 97
97 88
41 96
96 41
68 95
95 68
80 98
98 80
10 96
96 10
52 92
92 52
24 77
77 24
39 79
79 39
78 96
96 78
20 87
87 20
77 92
92 77
14 80
80 14
72 96
96 72
40 97
97 40
39 95
95 39
13 83
83 13
21 82
82 21
27 96
96 27
15 91
91 15
3 86
86 3
5 78
78 5
40 95
95 40
62 93
93 62
76 98
98 76
30 93
93 30
78 97
97 78
44 97
97 44
16 96
96 16
58 91
91 58
38 94
94 38
88 98
98 88
41 97
97 41
67 96
96 67
1 92
92 1
31 98
98 31
62 92
92 62
53 98
98 53
59 93
93 59
87 98
98 87
1 79
79 1
53 95
95 53
68 92
92 68
4 89
89 4
82 94
94 82
60 98
98 60
44 96
96 44
14 97
97 14
21 76
76 21
40 88
88 40
4 86
86 4
63 98
98 63
32 98
98 32
64 92
92 64
16 94
94 16
30 88
88 30
2 93
93 2
39 97
97 39
67 97
97 67
27 95
95 27
64 96
96 64
73 95
95 73
9 98
98 9
63 95
95 63
59 94
94 59
32 97
97 32
25 96
96 25
20 94
94 20
42 98
98 42
51 95
95 51
26 98
98 26
27 93
93 27
80 92
92 80
5 89
89 5
46 85
85 46
21 98
98 21
64 93
93 64
6 98
98 6
56 96
96 56
75 97
97 75
66 95
95 66
56 95
95 56
7 97
97 7
48 96
96 48
66 97
97 66
17 90
90 17
73 97
97 73
59 96
96 59
91 97
97 91
50 90
90 50
85 95
95 85
56 89
89 56
57 93
93 57
77 90
90 77
5 95
95 5
47 98
98 47
66 92
92 66
62 90
90 62
86 94
94 86
24 97
97 24
38 91
91 38
16 89
89 16
31 93
93 31
18 83
83 18
65 96
96 65
18 95
95 18
27 86
86 27
71 92
92 71
50 97
97 50
14 92
92 14
9 94
94 9
1 97
97 1
76 95
95 76
47 94
94 47
2 90
90 2
64 97
97 64
46 97
97 46
55 94
94 55
80 95
95 80
22 91
91 22
95 97
97 95
74 98
98 74
30 85
85 30
64 95
95 64
68 97
97 68
78 93
93 78
12 97
97 12
26 97
97 26
35 89
89 35
6 89
89 6
55 95
95 55
45 95
95 45
8 76
76 8
22 88
88 22
55 86
86 55
3 90
90 3
8 92
92 8
24 98
98 24
2 96
96 2
16 98
98 16
72 98
98 72
51 88
88 51
8 91
91 8
0 81
81 0
80 96
96 80
49 90
90 49
57 87
87 57
39 94
94 39
77 95
95 77
66 93
93 66
4 92
92 4
10 89
89 10
53 97
97 53
20 93
93 20
61 92
92 61
28 82
82 28
21 90
90 21
64 86
86 64
47 95
95 47
16 95
95 16
72 92
92 72
77 97
97 77
81 96
96 81
30 77
77 30
28 81
81 28
48 98
98 48
41 91
91 41
18 87
87 18
33 76
76 33
51 97
97 51
19 77
77 19
60 93
93 60
8 88
88 8
14 89
89 14
54 94
94 54
11 84
84 11
7 75
75 7
21 95
95 21
24 86
86 24
43 90
90 43
9 88
88 9
11 93
93 11
25 83
83 25
75 98
98 75
52 88
88 52
36 89
89 36
4 90
90 4
34 90
90 34
71 90
90 71
38 92
92 38
41 87
87 41
28 87
87 28
50 95
95 50
9 96
96 9
54 93
93 54
4 87
87 4
52 91
91 52
13 81
81 13
39 91
91 39
77 94
94 77
22 82
82 22
58 95
95 58
38 89
89 38
29 95
95 29
50 93
93 50
36 98
98 36
8 96
96 8
59 97
97 59
18 80
80 18
22 72
72 22
32 90
90 32
7 92
92 7
1 89
89 1
82 96
96 82
45 90
90 45
85 96
96 85
80 97
97 80
43 84
84 43
2 94
94 2
81 95
95 81
69 98
98 69
26 94
94 26
62 96
96 62
58 86
86 58
2 97
97 2
73 93
93 73
36 87
87 36
12 79
79 12
33 88
88 33
6 77
77 6
69 93
93 69
30 91
91 30
71 94
94 71
17 88
88 17
51 92
92 51
23 97
97 23
32 94
94 32
13 95
95 13
11 82
82 11
56 90
90 56
37 88
88 37
35 80
80 35
0 93
93 0
56 80
80 56
18 92
92 18
61 95
95 61
72 95
95 72
11 86
86 11
27 98
98 27
22 80
80 22
53 88
88 53
65 93
93 65
39 93
93 39
89 96
96 89
15 84
84 15
11 78
78 11
33 95
95 33
54 96
96 54
21 85
85 21
43 92
92 43
29 94
94 29
34 95
95 34
18 90
90 18
57 98
98 57
2 80
80 2
46 86
86 46
9 89
89 9
12 84
84 12
4 88
88 4
9 95
95 9
56 94
94 56
48 74
74 48
7 96
96 7
17 96
96 17
11 90
90 11
11 96
96 11
13 84
84 13
37 94
94 37
11 92
92 11
39 89
89 39
30 95
95 30
31 89
89 31
63 94
94 63
23 78
78 23
80 91
91 80
3 87
87 3
9 91
91 9
37 95
95 37
94 97
97 94
13 93
93 13
57 97
97 57
38 95
95 38
36 91
91 36
4 97
97 4
18 91
91 18
44 90
90 44
32 84
84 32
23 86
86 23
23 94
94 23
24 76
76 24
59 90
90 59
3 94
94 3
13 98
98 13
37 89
89 37
7 93
93 7
4 72
72 4
11 91
91 11
18 98
98 18
80 94
94 80
34 92
92 34
74 97
97 74
59 95
95 59
76 94
94 76
12 93
93 12
52 97
97 52
33 87
87 33
3 85
85 3
36 93
93 36
20 98
98 20
78 92
92 78
4 93
93 4
55 91
91 55
80 88
88 80
17 97
97 17
25 82
82 25
55 92
92 55
30 89
89 30
44 76
76 44
0 95
95 0
8 89
89 8
57 89
89 57
58 97
97 58
11 98
98 11
4 96
96 4
35 96
96 35
8 95
95 8
23 82
82 23
13 88
88 13
32 92
92 32
0 90
90 0
14 95
95 14
19 91
91 19
22 78
78 22
36 97
97 36
24 93
93 24
68 98
98 68
23 68
68 23
49 94
94 49
32 79
79 32
19 94
94 19
42 95
95 42
33 85
85 33
41 95
95 41
73 90
90 73
43 94
94 43
55 89
89 55
26 81
81 26
36 96
96 36
31 91
91 31
69 92
92 69
49 93
93 49
7 84
84 7
19 93
93 19
49 88
88 49
19 96
96 19
49 91
91 49
76 96
96 76
41 93
93 41
1 78
78 1
20 83
83 20
50 91
91 50
30 90
90 30
24 78
78 24
48 95
95 48
20 97
97 20
21 97
97 21
37 80
80 37
79 95
95 79
61 90
90 61
44 86
86 44
14 96
96 14
74 96
96 74
2 83
83 2
2 98
98 2
22 96
96 22
5 96
96 5
61 85
85 61
49 95
95 49
79 97
97 79
54 85
85 54
24 90
90 24
21 89
89 21
10 75
75 10
52 90
90 52
38 81
81 38
45 88
88 45
26 96
96 26
92 96
96 92
30 92
92 30
21 81
81 21
48 91
91 48
4 82
82 4
44 91
91 44
6 87
87 6
30 98
98 30
60 95
95 60
34 89
89 34
42 96
96 42
36 95
95 36
6 78
78 6
23 87
87 23
0 80
80 0
1 96
96 1
46 88
88 46
17 92
92 17
27 87
87 27
64 88
88 64
26 93
93 26
69 95
95 69
25 95
95 25
55 96
96 55
28 93
93 28
40 79
79 40
3 93
93 3
35 83
83 35
54 92
92 54
63 90
90 63
71 93
93 71
12 83
83 12
15 75
75 15
51 89
89 51
73 96
96 73
65 94
94 65
90 96
96 90
7 90
90 7
79 94
94 79
58 90
90 58
16 91
91 16
26 89
89 26
51 91
91 51
8 86
86 8
92 97
97 92
4 85
85 4
43 82
82 43
2 84
84 2
45 92
92 45
25 81
81 25
23 90
90 23
45 97
97 45
7 94
94 7
58 96
96 58
49 89
89 49
11 64
64 11
17 94
94 17
28 76
76 28
12 91
91 12
25 69
69 25
60 91
91 60
27 97
97 27
61 98
98 61
65 95
95 65
8 98
98 8
21 93
93 21
41 98
98 41
43 88
88 43
61 94
94 61
24 94
94 24
21 94
94 21
50 87
87 50
16 92
92 16
27 88
88 27
21 92
92 21
85 94
94 85
44 98
98 44
34 83
83 34
6 91
91 6
67 94
94 67
53 94
94 53
60 97
97 60
0 76
76 0
11 85
85 11
50 89
89 50
0 97
97 0
22 93
93 22
29 85
85 29
34 91
91 34
29 98
98 29
34 85
85 34
86 95
95 86
28 97
97 28
14 77
77 14
69 97
97 69
16 93
93 16
1 85
85 1
14 85
85 14
21 91
91 21
37 90
90 37
3 82
82 3
10 92
92 10
12 95
95 12
42 97
97 42
19 84
84 19
15 89
89 15
48 93
93 48
19 87
87 19
19 92
92 19
21 88
88 21
51 87
87 51
38 93
93 38
19 79
79 19
26 87
87 26
4 98
98 4
2 91
91 2
6 82
82 6
13 92
92 13
28 83
83 28
0 89
89 0
65 92
92 65
3 74
74 3
6 73
73 6
37 96
96 37
52 93
93 52
43 87
87 43
0 86
86 0
62 94
94 62
10 98
98 10
91 96
96 91
28 89
89 28
31 87
87 31
15 90
90 15
38 85
85 38
61 91
91 61
3 98
98 3
45 87
87 45
8 73
73 8
29 81
81 29
3 91
91 3
40 93
93 40
6 88
88 6
33 94
94 33
31 92
92 31
70 96
96 70
63 96
96 63
0 77
77 0
6 93
93 6
53 90
90 53
27 92
92 27
26 74
74 26
4 95
95 4
75 92
92 75
22 87
87 22
47 87
87 47
4 76
76 4
17 74
74 17
21 84
84 21
54 88
88 54
29 90
90 29
