100 2076
5 278
2 501
2 1360
3 1654
3 327
2 1208
3 239
3 1347
4 1792
1 1506
2 1979
3 1666
5 1194
1 492
5 176
5 1398
4 1681
5 1437
3 438
3 1654
1 1514
1 1079
1 1259
4 1257
2 1817
1 400
2 652
4 672
1 1537
4 1633
2 1465
2 914
2 1260
4 974
2 289
2 1275
2 1576
2 990
2 1992
3 1153
4 1104
2 1496
5 572
3 1140
2 1118
5 905
4 1001
1 325
5 1915
4 1906
5 1671
5 617
3 1778
1 868
4 229
1 1283
3 130
4 1295
1 30
2 1120
1 1154
3 700
1 1177
3 1982
5 1677
1 180
4 1087
1 592
3 325
4 935
1 1893
2 1129
3 381
2 383
4 614
4 676
1 1980
5 1039
2 1247
4 697
3 1638
5 216
3 819
2 285
1 1611
2 1656
5 414
1 422
1 45
4 1235
1 1582
2 1846
3 1163
2 1195
3 634
3 1915
5 992
2 445
4 1661
3 1241
93 98
98 93
1 85
85 1
61 88
88 61
87 98
98 87
20 81
81 20
56 92
92 56
32 97
97 32
8 96
96 8
50 94
94 50
2 96
96 2
29 98
98 29
92 98
98 92
48 95
95 48
66 98
98 66
37 95
95 37
35 86
86 35
81 98
98 81
30 97
97 30
5 97
97 5
41 97
97 41
22 92
92 22
3 95
95 3
43 96
96 43
77 97
97 77
69 95
95 69
45 97
97 45
7 87
87 7
58 98
98 58
62 95
95 62
44 95
95 44
84 97
97 84
88 97
97 88
80 98
98 80
86 98
98 86
55 93
93 55
20 91
91 20
26 93
93 26
75 98
98 75
44 91
91 44
74 98
98 74
5 82
82 5
64 93
93 64
50 92
92 50
22 98
98 22
8 98
98 8
22 95
95 22
65 94
94 65
14 56
56 14
69 96
96 69
53 92
92 53
94 98
98 94
85 98
98 85
96 98
98 96
49 98
98 49
8 94
94 8
73 98
98 73
45 96
96 45
12 96
96 12
35 83
83 35
86 96
96 86
69 97
97 69
73 94
94 73
84 98
98 84
31 96
96 31
82 98
98 82
3 90
90 3
10 94
94 10
10 97
97 10
59 98
98 59
9 94
94 9
44 94
94 44
46 93
93 46
10 92
92 10
51 97
97 51
30 93
93 30
97 98
98 97
26 85
85 26
18 88
88 18
26 94
94 26
28 92
92 28
64 98
98 64
49 93
93 49
69 98
98 69
49 97
97 49
28 88
88 28
90 98
98 90
73 97
97 73
76 98
98 76
16 86
86 16
83 97
97 83
76 93
93 76
77 98
98 77
55 96
96 55
8 92
92 8
41 98
98 41
73 89
89 73
15 86
86 15
34 98
98 34
36 97
97 36
47 90
90 47
25 98
98 25
88 96
96 88
62 91
91 62
65 91
91 65
68 98
98 68
98 99
99 98
13 98
98 13
3 91
91 3
27 90
90 27
80 96
96 80
55 97
97 55
40 82
82 40
34 87
87 34
32 98
98 32
4 75
75 4
55 95
95 55
7 90
90 7
91 97
97 91
89 98
98 89
46 97
97 46
74 97
97 74
54 90
90 54
46 91
91 46
39 97
97 39
77 96
96 77
32 96
96 32
29 84
84 29
40 98
98 40
45 94
94 45
90 97
97 90
51 92
92 51
1 97
97 1
64 97
97 64
22 83
83 22
75 95
95 75
68 97
97 68
21 84
84 21
62 96
96 62
21 98
98 21
47 91
91 47
42 91
91 42
46 92
92 46
64 91
91 64
95 98
98 95
13 90
90 13
13 82
82 13
44 97
97 44
19 98
98 19
36 78
78 36
66 88
88 66
25 97
97 25
23 95
95 23
70 98
98 70
62 97
97 62
27 95
95 27
6 97
97 6
79 94
94 79
76 97
97 76
34 95
95 34
26 98
98 26
47 96
96 47
85 97
97 85
83 98
98 83
50 95
95 50
58 96
96 58
27 92
92 27
61 98
98 61
1 87
87 1
75 96
96 75
65 98
98 65
30 76
76 30
42 98
98 42
94 97
97 94
16 97
97 16
21 94
94 21
15 97
97 15
56 97
97 56
1 96
96 1
49 90
90 49
4 74
74 4
88 98
98 88
36 95
95 36
40 95
95 40
65 95
95 65
3 93
93 3
91 96
96 91
5 80
80 5
41 93
93 41
52 98
98 52
48 97
97 48
16 91
91 16
4 97
97 4
36 94
94 36
21 87
87 21
24 96
96 24
26 95
95 26
86 97
97 86
60 96
96 60
37 83
83 37
3 89
89 3
37 98
98 37
70 94
94 70
72 96
96 72
20 88
88 20
50 96
96 50
42 97
97 42
91 98
98 91
49 96
96 49
2 98
98 2
19 90
90 19
17 56
56 17
1 92
92 1
49 92
92 49
44 98
98 44
25 84
84 25
23 97
97 23
37 90
90 37
24 81
81 24
4 87
87 4
63 97
97 63
27 86
86 27
50 91
91 50
31 82
82 31
11 87
87 11
80 95
95 80
22 88
88 22
13 88
88 13
54 93
93 54
26 97
97 26
9 95
95 9
23 68
68 23
36 73
73 36
31 95
95 31
63 96
96 63
19 95
95 19
13 91
91 13
36 82
82 36
89 97
97 89
87 97
97 87
12 92
92 12
11 98
98 11
14 97
97 14
80 94
94 80
2 74
74 2
60 97
97 60
72 97
97 72
61 91
91 61
53 97
97 53
70 92
92 70
54 95
95 54
46 87
87 46
14 88
88 14
67 98
98 67
49 94
94 49
1 80
80 1
0 90
90 0
48 93
93 48
75 94
94 75
66 92
92 66
70 90
90 70
49 84
84 49
33 80
80 33
18 97
97 18
46 98
98 46
68 91
91 68
28 98
98 28
45 98
98 45
17 77
77 17
33 95
95 33
66 91
91 66
18 82
82 18
22 96
96 22
34 90
90 34
29 91
91 29
13 93
93 13
82 97
97 82
35 95
95 35
16 96
96 16
4 84
84 4
31 98
98 31
54 97
97 54
33 86
86 33
15 89
89 15
5 96
96 5
52 82
82 52
48 94
94 48
11 76
76 11
24 95
95 24
26 90
90 26
38 95
95 38
3 98
98 3
0 80
80 0
11 89
89 11
2 89
89 2
34 97
97 34
13 95
95 13
23 93
93 23
43 89
89 43
30 96
96 30
71 98
98 71
54 98
98 54
67 94
94 67
43 92
92 43
81 97
97 81
59 96
96 59
35 80
80 35
27 94
94 27
14 89
89 14
69 94
94 69
45 93
93 45
3 70
70 3
67 95
95 67
59 94
94 59
70 95
95 70
61 97
97 61
44 85
85 44
33 73
73 33
84 95
95 84
31 65
65 31
0 89
89 0
15 80
80 15
1 78
78 1
20 83
83 20
81 95
95 81
7 93
93 7
57 98
98 57
93 97
97 93
52 95
95 52
24 93
93 24
42 95
95 42
62 98
98 62
73 96
96 73
16 95
95 16
48 91
91 48
37 97
97 37
35 92
92 35
70 97
97 70
50 87
87 50
53 96
96 53
78 98
98 78
63 95
95 63
20 94
94 20
69 90
90 69
10 89
89 10
35 94
94 35
18 95
95 18
10 88
88 10
9 89
89 9
45 89
89 45
71 94
94 71
35 93
93 35
40 79
79 40
42 88
88 42
33 89
89 33
67 93
93 67
69 92
92 69
78 97
97 78
6 74
74 6
64 94
94 64
28 91
91 28
0 95
95 0
41 91
91 41
19 87
87 19
1 98
98 1
61 96
96 61
32 92
92 32
0 91
91 0
16 92
92 16
72 94
94 72
1 94
94 1
12 71
71 12
73 95
95 73
40 91
91 40
58 97
97 58
59 93
93 59
32 93
93 32
16 98
98 16
0 96
96 0
22 97
97 22
50 97
97 50
71 96
96 71
4 92
92 4
44 96
96 44
47 94
94 47
41 94
94 41
34 82
82 34
77 95
95 77
79 98
98 79
56 90
90 56
38 91
91 38
84 94
94 84
46 86
86 46
56 98
98 56
60 88
88 60
60 90
90 60
34 85
85 34
37 96
96 37
63 98
98 63
21 96
96 21
15 98
98 15
26 82
82 26
16 80
80 16
26 72
72 26
72 98
98 72
9 86
86 9
4 93
93 4
40 83
83 40
17 87
87 17
47 92
92 47
54 91
91 54
12 85
85 12
24 97
97 24
57 97
97 57
2 77
77 2
66 93
93 66
64 96
96 64
28 97
97 28
3 80
80 3
10 98
98 10
20 74
74 20
2 91
91 2
27 98
98 27
8 97
97 8
27 97
97 27
8 87
87 8
35 87
87 35
17 91
91 17
19 88
88 19
22 94
94 22
12 98
98 12
43 95
95 43
9 98
98 9
53 94
94 53
43 93
93 43
90 96
96 90
53 98
98 53
22 84
84 22
68 94
94 68
11 95
95 11
9 83
83 9
29 85
85 29
49 88
88 49
39 94
94 39
52 92
92 52
18 91
91 18
36 92
92 36
31 87
87 31
7 80
80 7
4 72
72 4
39 92
92 39
39 96
96 39
37 93
93 37
75 97
97 75
25 91
91 25
43 84
84 43
70 93
93 70
39 98
98 39
21 91
91 21
41 81
81 41
4 78
78 4
60 98
98 60
44 90
90 44
15 90
90 15
47 97
97 47
33 93
93 33
2 94
94 2
25 86
86 25
38 90
90 38
6 98
98 6
19 86
86 19
40 94
94 40
0 94
94 0
22 81
81 22
8 95
95 8
26 91
91 26
11 77
77 11
11 82
82 11
31 93
93 31
9 93
93 9
14 87
87 14
30 92
92 30
7 98
98 7
49 86
86 49
59 95
95 59
59 97
97 59
11 86
86 11
35 96
96 35
18 83
83 18
2 82
82 2
14 98
98 14
8 84
84 8
61 94
94 61
27 96
96 27
54 96
96 54
4 98
98 4
46 95
95 46
19 94
94 19
28 96
96 28
6 88
88 6
51 91
91 51
19 97
97 19
34 94
94 34
7 95
95 7
25 94
94 25
56 89
89 56
57 96
96 57
33 96
96 33
24 98
98 24
40 88
88 40
18 96
96 18
73 91
91 73
55 89
89 55
17 89
89 17
60 93
93 60
23 84
84 23
18 92
92 18
29 96
96 29
50 98
98 50
3 92
92 3
82 96
96 82
51 95
95 51
1 90
90 1
22 86
86 22
66 95
95 66
5 63
63 5
22 89
89 22
47 93
93 47
52 89
89 52
25 93
93 25
0 93
93 0
20 95
95 20
20 77
77 20
16 64
64 16
17 92
92 17
30 84
84 30
31 92
92 31
15 93
93 15
19 82
82 19
8 81
81 8
55 91
91 55
81 92
92 81
72 93
93 72
15 96
96 15
74 95
95 74
15 73
73 15
42 96
96 42
74 96
96 74
11 91
91 11
3 97
97 3
5 86
86 5
12 86
86 12
15 91
91 15
45 92
92 45
32 91
91 32
25 96
96 25
30 87
87 30
72 91
91 72
16 88
88 16
85 94
94 85
0 92
92 0
38 96
96 38
23 60
60 23
7 84
84 7
17 96
96 17
23 96
96 23
12 87
87 12
46 94
94 46
57 94
94 57
27 93
93 27
0 78
78 0
5 85
85 5
17 93
93 17
66 96
96 66
27 89
89 27
2 93
93 2
8 88
88 8
46 96
96 46
31 84
84 31
12 97
97 12
60 94
94 60
18 85
85 18
47 87
87 47
16 83
83 16
47 86
86 47
20 96
96 20
36 98
98 36
58 95
95 58
48 96
96 48
35 97
97 35
78 96
96 78
36 96
96 36
92 97
97 92
8 90
90 8
16 68
68 16
40 85
85 40
58 93
93 58
58 92
92 58
30 95
95 30
52 97
97 52
49 89
89 49
13 96
96 13
36 88
88 36
29 83
83 29
41 89
89 41
7 92
92 7
59 92
92 59
31 97
97 31
7 97
97 7
54 92
92 54
79 97
97 79
11 85
85 11
23 91
91 23
14 92
92 14
14 76
76 14
67 90
90 67
41 88
88 41
55 94
94 55
78 94
94 78
57 92
92 57
15 81
81 15
13 83
83 13
6 86
86 6
25 78
78 25
55 98
98 55
44 88
88 44
51 98
98 51
61 95
95 61
31 91
91 31
31 81
81 31
9 84
84 9
58 91
91 58
73 92
92 73
25 92
92 25
36 85
85 36
39 80
80 39
66 97
97 66
9 90
90 9
38 85
85 38
7 89
89 7
0 84
84 0
13 97
97 13
59 91
91 59
41 85
85 41
37 94
94 37
7 88
88 7
36 91
91 36
18 90
90 18
51 85
85 51
49 95
95 49
73 90
90 73
21 97
97 21
37 91
91 37
7 94
94 7
87 95
95 87
21 95
95 21
39 95
95 39
5 81
81 5
48 89
89 48
19 92
92 19
51 93
93 51
53 89
89 53
11 80
80 11
48 98
98 48
47 98
98 47
8 63
63 8
52 83
83 52
6 85
85 6
31 94
94 31
56 94
94 56
62 92
92 62
58 87
87 58
30 98
98 30
3 82
82 3
21 92
92 21
39 82
82 39
38 84
84 38
14 94
94 14
3 88
88 3
34 93
93 34
34 92
92 34
35 91
91 35
15 95
95 15
25 83
83 25
32 95
95 32
19 74
74 19
71 95
95 71
30 89
89 30
42 94
94 42
0 72
72 0
51 87
87 51
33 90
90 33
16 87
87 16
13 92
92 13
65 97
97 65
23 98
98 23
6 95
95 6
73 93
93 73
38 94
94 38
4 83
83 4
0 97
97 0
65 93
93 65
21 85
85 21
72 86
86 72
26 88
88 26
63 93
93 63
9 76
76 9
22 93
93 22
15 82
82 15
43 98
98 43
33 98
98 33
22 82
82 22
23 82
82 23
3 96
96 3
83 92
92 83
38 98
98 38
17 97
97 17
59 90
90 59
65 96
96 65
67 97
97 67
10 73
73 10
34 91
91 34
46 89
89 46
17 98
98 17
18 98
98 18
63 88
88 63
12 93
93 12
39 93
93 39
39 91
91 39
52 96
96 52
44 81
81 44
63 92
92 63
34 79
79 34
29 97
97 29
55 90
90 55
21 93
93 21
60 95
95 60
35 90
90 35
45 90
90 45
52 93
93 52
3 79
79 3
15 85
85 15
69 93
93 69
60 86
86 60
4 91
91 4
33 91
91 33
83 95
95 83
83 96
96 83
43 97
97 43
68 96
96 68
26 87
87 26
54 94
94 54
4 94
94 4
76 96
96 76
30 86
86 30
70 88
88 70
29 88
88 29
58 85
85 58
56 95
95 56
71 97
97 71
55 92
92 55
41 86
86 41
80 97
97 80
5 91
91 5
8 93
93 8
28 93
93 28
74 94
94 74
14 91
91 14
47 95
95 47
10 84
84 10
75 93
93 75
38 97
97 38
6 92
92 6
17 84
84 17
19 93
93 19
75 91
91 75
20 90
90 20
19 84
84 19
9 92
92 9
10 91
91 10
14 81
81 14
31 90
90 31
4 96
96 4
41 96
96 41
9 82
82 9
17 95
95 17
77 93
93 77
45 88
88 45
70 96
96 70
20 67
67 20
34 88
88 34
51 96
96 51
33 94
94 33
1 83
83 1
65 88
88 65
20 97
97 20
24 83
83 24
2 97
97 2
24 88
88 24
6 96
96 6
9 96
96 9
40 92
92 40
39 88
88 39
17 88
88 17
47 84
84 47
9 91
91 9
2 71
71 2
5 83
83 5
11 90
90 11
12 91
91 12
8 70
70 8
23 85
85 23
5 95
95 5
61 90
90 61
23 86
86 23
21 89
89 21
24 89
89 24
56 96
96 56
81 93
93 81
69 91
91 69
24 79
79 24
5 84
84 5
36 89
89 36
52 94
94 52
5 79
79 5
5 94
94 5
18 89
89 18
0 86
86 0
8 59
59 8
35 98
98 35
55 87
87 55
52 90
90 52
5 98
98 5
27 91
91 27
42 93
93 42
66 90
90 66
76 94
94 76
57 90
90 57
13 89
89 13
71 92
92 71
53 91
91 53
4 95
95 4
59 88
88 59
42 92
92 42
1 62
62 1
12 77
77 12
58 94
94 58
11 73
73 11
45 87
87 45
51 88
88 51
43 91
91 43
7 96
96 7
30 88
88 30
6 78
78 6
29 93
93 29
5 68
68 5
72 95
95 72
28 95
95 28
16 94
94 16
62 94
94 62
62 89
89 62
12 83
83 12
38 93
93 38
11 92
92 11
15 92
92 15
39 84
84 39
7 81
81 7
7 91
91 7
28 86
86 28
20 98
98 20
24 94
94 24
58 86
86 58
12 94
94 12
38 87
87 38
33 87
87 33
9 97
97 9
79 96
96 79
40 93
93 40
22 91
91 22
51 83
83 51
53 93
93 53
53 95
95 53
25 74
74 25
17 83
83 17
63 94
94 63
50 89
89 50
57 91
91 57
34 96
96 34
12 95
95 12
84 96
96 84
32 84
84 32
68 90
90 68
77 94
94 77
57 95
95 57
15 84
84 15
59 86
86 59
76 95
95 76
37 92
92 37
4 64
64 4
59 89
89 59
26 89
89 26
10 77
77 10
13 81
81 13
1 55
55 1
4 80
80 4
29 94
94 29
76 91
91 76
74 93
93 74
89 96
96 89
1 89
89 1
13 62
62 13
2 79
79 2
20 85
85 20
20 86
86 20
32 90
90 32
24 85
85 24
67 96
96 67
50 84
84 50
25 95
95 25
21 86
86 21
87 96
96 87
45 81
81 45
20 87
87 20
40 97
97 40
64 95
95 64
20 89
89 20
11 97
97 11
1 93
93 1
10 95
95 10
5 93
93 5
32 75
75 32
47 85
85 47
9 73
73 9
16 84
84 16
0 87
87 0
14 86
86 14
44 83
83 44
32 81
81 32
35 84
84 35
66 94
94 66
51 94
94 51
18 87
87 18
11 84
84 11
50 86
86 50
24 92
92 24
2 81
81 2
37 88
88 37
16 90
90 16
9 77
77 9
7 83
83 7
21 88
88 21
2 95
95 2
82 91
91 82
57 84
84 57
33 85
85 33
8 85
85 8
13 87
87 13
0 73
73 0
29 79
79 29
37 89
89 37
82 94
94 82
20 92
92 20
19 71
71 19
33 81
81 33
36 93
93 36
67 92
92 67
27 79
79 27
12 90
90 12
55 88
88 55
30 91
91 30
17 81
81 17
46 90
90 46
17 85
85 17
13 79
79 13
34 89
89 34
10 72
72 10
64 92
92 64
66 89
89 66
41 83
83 41
29 90
90 29
65 92
92 65
28 81
81 28
52 85
85 52
10 93
93 10
29 78
78 29
19 89
89 19
56 91
91 56
40 90
90 40
14 95
95 14
28 90
90 28
18 94
94 18
31 83
83 31
27 83
83 27
42 86
86 42
8 83
83 8
33 97
97 33
1 74
74 1
12 84
84 12
9 75
75 9
18 93
93 18
81 96
96 81
60 89
89 60
25 87
87 25
16 60
60 16
40 96
96 40
48 85
85 48
28 94
94 28
28 89
89 28
45 95
95 45
30 62
62 30
17 94
94 17
57 93
93 57
15 94
94 15
85 96
96 85
78 93
93 78
29 95
95 29
85 93
93 85
3 85
85 3
66 83
83 66
2 78
78 2
79 95
95 79
1 69
69 1
9 85
85 9
12 80
80 12
71 89
89 71
17 90
90 17
15 87
87 15
41 90
90 41
6 90
90 6
30 94
94 30
34 86
86 34
16 76
76 16
31 89
89 31
30 90
90 30
35 85
85 35
52 91
91 52
50 93
93 50
57 88
88 57
6 73
73 6
