100 638
3 807
4 197
5 1467
5 1491
2 1656
1 1244
3 1225
1 937
1 1694
3 1229
2 1578
2 135
4 637
5 1874
1 1660
5 1720
2 1514
1 1362
1 29
3 818
1 161
3 1310
4 229
2 505
3 1734
2 25
2 401
3 61
1 1872
1 871
4 1155
2 1010
1 356
4 1541
3 128
4 1445
4 987
3 558
3 848
1 915
4 304
3 1129
5 1167
4 564
5 1587
2 493
2 957
5 1108
3 707
5 1371
4 769
2 1312
5 1285
3 1229
5 1760
4 368
4 219
2 1139
5 1090
2 772
5 882
2 1575
1 318
2 747
4 41
2 666
3 425
3 1660
5 1234
4 1939
4 770
3 1684
5 52
3 1204
1 141
4 126
2 883
3 448
2 266
1 1401
2 1662
1 178
1 1907
4 1585
2 1993
1 784
2 705
1 405
1 63
2 6
2 365
3 281
2 456
2 60
4 1089
3 770
4 1291
2 1099
4 726
2 75
59 96
96 59
17 91
91 17
62 97
97 62
87 98
98 87
37 96
96 37
90 98
98 90
30 89
89 30
9 97
97 9
46 89
89 46
64 95
95 64
49 97
97 49
47 88
88 47
8 94
94 8
79 96
96 79
35 94
94 35
73 89
89 73
76 98
98 76
10 90
90 10
78 98
98 78
44 93
93 44
92 98
98 92
81 96
96 81
63 97
97 63
73 97
97 73
32 97
97 32
42 88
88 42
17 85
85 17
38 96
96 38
49 98
98 49
91 98
98 91
41 95
95 41
11 92
92 11
16 98
98 16
75 91
91 75
80 98
98 80
40 90
90 40
57 98
98 57
1 97
97 1
21 97
97 21
97 98
98 97
47 97
97 47
45 95
95 45
38 67
67 38
47 95
95 47
27 96
96 27
30 93
93 30
61 95
95 61
60 96
96 60
95 98
98 95
40 83
83 40
10 85
85 10
40 98
98 40
29 83
83 29
30 98
98 30
51 97
97 51
18 95
95 18
1 96
96 1
86 95
95 86
18 79
79 18
79 98
98 79
45 98
98 45
17 96
96 17
75 92
92 75
73 95
95 73
34 94
94 34
75 98
98 75
72 98
98 72
85 98
98 85
34 92
92 34
55 94
94 55
81 98
98 81
27 97
97 27
34 91
91 34
49 90
90 49
27 93
93 27
63 98
98 63
71 96
96 71
55 98
98 55
39 91
91 39
39 96
96 39
77 98
98 77
46 86
86 46
47 83
83 47
3 97
97 3
70 98
98 70
1 89
89 1
53 98
98 53
30 85
85 30
94 98
98 94
46 91
91 46
54 93
93 54
60 97
97 60
56 97
97 56
76 95
95 76
74 95
95 74
55 91
91 55
44 95
95 44
33 96
96 33
74 96
96 74
0 98
98 0
56 98
98 56
27 87
87 27
26 96
96 26
35 97
97 35
36 90
90 36
78 95
95 78
9 90
90 9
20 94
94 20
84 96
96 84
25 98
98 25
17 89
89 17
45 94
94 45
1 72
72 1
28 84
84 28
26 97
97 26
42 72
72 42
15 92
92 15
40 89
89 40
65 93
93 65
51 90
90 51
14 98
98 14
31 84
84 31
30 92
92 30
82 97
97 82
55 97
97 55
96 98
98 96
64 90
90 64
14 94
94 14
89 98
98 89
15 94
94 15
71 97
97 71
83 97
97 83
25 86
86 25
55 93
93 55
40 95
95 40
67 98
98 67
28 95
95 28
48 98
98 48
22 97
97 22
31 95
95 31
23 88
88 23
89 97
97 89
62 91
91 62
32 98
98 32
34 87
87 34
32 96
96 32
28 96
96 28
23 94
94 23
54 96
96 54
56 93
93 56
43 93
93 43
25 95
95 25
58 94
94 58
88 98
98 88
46 97
97 46
22 83
83 22
71 95
95 71
53 90
90 53
52 96
96 52
7 93
93 7
14 87
87 14
28 91
91 28
86 98
98 86
66 97
97 66
4 91
91 4
92 97
97 92
4 98
98 4
83 98
98 83
1 98
98 1
19 97
97 19
6 84
84 6
74 98
98 74
51 88
88 51
66 94
94 66
9 92
92 9
37 97
97 37
7 88
88 7
46 98
98 46
27 98
98 27
61 97
97 61
37 86
86 37
69 96
96 69
22 96
96 22
68 93
93 68
10 95
95 10
28 98
98 28
62 92
92 62
65 89
89 65
82 96
96 82
1 81
81 1
68 96
96 68
66 96
96 66
7 89
89 7
5 89
89 5
45 97
97 45
11 89
89 11
10 97
97 10
27 94
94 27
4 96
96 4
46 95
95 46
44 90
90 44
75 97
97 75
72 95
95 72
9 86
86 9
20 97
97 20
3 85
85 3
62 98
98 62
36 98
98 36
30 94
94 30
8 84
84 8
88 94
94 88
2 98
98 2
50 94
94 50
11 95
95 11
19 94
94 19
52 89
89 52
68 98
98 68
73 98
98 73
29 91
91 29
14 84
84 14
41 94
94 41
63 96
96 63
47 91
91 47
80 94
94 80
17 90
90 17
31 98
98 31
80 96
96 80
6 98
98 6
87 96
96 87
25 96
96 25
81 94
94 81
54 92
92 54
36 97
97 36
76 96
96 76
21 93
93 21
44 97
97 44
62 94
94 62
17 98
98 17
33 91
91 33
52 93
93 52
55 96
96 55
75 96
96 75
6 97
97 6
18 91
91 18
74 97
97 74
33 98
98 33
51 91
91 51
93 98
98 93
59 93
93 59
24 85
85 24
77 94
94 77
75 95
95 75
3 79
79 3
59 92
92 59
76 97
97 76
89 95
95 89
54 91
91 54
35 93
93 35
9 88
88 9
58 95
95 58
60 93
93 60
38 92
92 38
20 91
91 20
15 90
90 15
4 95
95 4
59 94
94 59
51 96
96 51
33 93
93 33
77 96
96 77
13 94
94 13
86 92
92 86
13 91
91 13
36 87
87 36
49 96
96 49
38 94
94 38
54 85
85 54
71 87
87 71
2 94
94 2
36 93
93 36
30 82
82 30
17 93
93 17
43 90
90 43
57 94
94 57
29 93
93 29
11 86
86 11
66 93
93 66
47 98
98 47
58 98
98 58
69 97
97 69
83 96
96 83
29 85
85 29
62 95
95 62
8 70
70 8
19 96
96 19
3 96
96 3
3 94
94 3
23 95
95 23
80 97
97 80
30 84
84 30
50 92
92 50
82 98
98 82
8 97
97 8
54 98
98 54
43 97
97 43
21 95
95 21
50 98
98 50
85 97
97 85
7 95
95 7
39 87
87 39
88 96
96 88
28 94
94 28
21 86
86 21
91 97
97 91
17 92
92 17
44 89
89 44
52 97
97 52
59 95
95 59
12 97
97 12
78 96
96 78
