100 1640
1 1499
3 1330
1 672
1 511
1 637
2 1031
3 1635
4 498
3 1754
5 1175
2 1678
3 423
5 1598
5 1930
4 257
3 1934
1 554
4 734
3 47
5 1870
5 1652
4 1003
3 936
5 1514
2 701
3 766
4 1715
1 424
1 593
1 1204
5 1488
1 71
3 510
5 270
1 1535
1 913
3 1343
5 1567
3 994
5 1679
2 82
2 1492
5 613
4 1126
4 1802
1 1888
4 1805
3 1609
2 1471
3 1024
2 792
4 1513
2 1515
1 1708
2 1160
2 1751
3 1142
3 11
4 501
2 1050
4 740
3 1410
3 1413
5 1399
1 1494
3 1683
1 724
2 179
5 950
1 527
2 1439
5 1629
5 881
4 272
1 1908
1 263
4 242
2 286
5 1233
3 367
3 1599
2 1575
3 1899
4 468
5 916
1 25
4 293
1 1029
5 1265
5 953
1 1853
2 394
4 439
2 1950
3 1133
1 1130
4 208
3 1095
4 606
3 819
34 98
98 34
5 96
96 5
45 96
96 45
92 98
98 92
76 98
98 76
33 87
87 33
73 98
98 73
19 92
92 19
92 97
97 92
68 98
98 68
51 98
98 51
88 98
98 88
69 98
98 69
39 91
91 39
24 97
97 24
46 89
89 46
59 91
91 59
20 82
82 20
41 90
90 41
72 93
93 72
36 96
96 36
66 92
92 66
86 98
98 86
34 87
87 34
81 97
97 81
55 96
96 55
53 95
95 53
69 96
96 69
63 97
97 63
8 84
84 8
7 93
93 7
22 92
92 22
93 98
98 93
49 98
98 49
3 96
96 3
84 97
97 84
55 97
97 55
71 94
94 71
42 95
95 42
42 93
93 42
52 92
92 52
34 97
97 34
53 89
89 53
90 98
98 90
16 98
98 16
25 83
83 25
76 97
97 76
95 98
98 95
45 93
93 45
37 86
86 37
61 90
90 61
17 91
91 17
35 88
88 35
50 93
93 50
81 89
89 81
56 89
89 56
34 84
84 34
96 98
98 96
27 97
97 27
13 81
81 13
98 99
99 98
15 89
89 15
2 81
81 2
65 92
92 65
79 98
98 79
42 94
94 42
66 97
97 66
89 98
98 89
30 86
86 30
21 88
88 21
14 96
96 14
2 89
89 2
56 93
93 56
25 94
94 25
93 97
97 93
52 98
98 52
75 98
98 75
91 98
98 91
30 93
93 30
17 97
97 17
69 97
97 69
57 97
97 57
94 98
98 94
49 95
95 49
0 81
81 0
60 93
93 60
65 87
87 65
54 93
93 54
3 98
98 3
97 98
98 97
83 98
98 83
64 98
98 64
80 98
98 80
72 92
92 72
77 93
93 77
2 98
98 2
72 98
98 72
87 98
98 87
59 93
93 59
66 98
98 66
29 95
95 29
44 96
96 44
0 92
92 0
8 98
98 8
42 96
96 42
43 94
94 43
70 98
98 70
62 93
93 62
16 87
87 16
82 93
93 82
62 98
98 62
59 96
96 59
51 97
97 51
70 97
97 70
19 88
88 19
47 94
94 47
46 97
97 46
82 98
98 82
5 62
62 5
29 88
88 29
4 91
91 4
40 92
92 40
41 91
91 41
1 77
77 1
58 93
93 58
19 95
95 19
89 96
96 89
68 97
97 68
65 93
93 65
71 93
93 71
32 98
98 32
60 96
96 60
13 95
95 13
27 73
73 27
67 98
98 67
56 96
96 56
44 95
95 44
42 91
91 42
7 97
97 7
34 92
92 34
70 93
93 70
24 91
91 24
58 85
85 58
25 95
95 25
43 90
90 43
0 88
88 0
85 98
98 85
39 97
97 39
70 95
95 70
79 97
97 79
44 94
94 44
18 98
98 18
52 94
94 52
75 97
97 75
31 95
95 31
15 79
79 15
54 97
97 54
31 97
97 31
31 96
96 31
64 96
96 64
19 79
79 19
82 97
97 82
37 89
89 37
5 92
92 5
26 97
97 26
57 92
92 57
8 88
88 8
18 96
96 18
20 96
96 20
8 90
90 8
9 83
83 9
15 88
88 15
45 98
98 45
81 98
98 81
38 97
97 38
17 94
94 17
17 92
92 17
59 90
90 59
68 96
96 68
85 97
97 85
24 94
94 24
36 80
80 36
59 95
95 59
21 89
89 21
59 87
87 59
48 94
94 48
78 96
96 78
1 91
91 1
69 94
94 69
39 93
93 39
37 96
96 37
74 91
91 74
58 98
98 58
0 98
98 0
18 81
81 18
22 94
94 22
38 88
88 38
1 70
70 1
23 98
98 23
71 98
98 71
28 97
97 28
38 93
93 38
9 98
98 9
82 95
95 82
0 89
89 0
57 96
96 57
71 96
96 71
77 98
98 77
9 92
92 9
53 97
97 53
50 98
98 50
87 97
97 87
48 97
97 48
28 93
93 28
24 90
90 24
19 93
93 19
44 91
91 44
19 90
90 19
77 97
97 77
36 98
98 36
48 95
95 48
66 93
93 66
83 97
97 83
34 96
96 34
29 85
85 29
85 93
93 85
81 96
96 81
15 92
92 15
79 96
96 79
25 98
98 25
17 82
82 17
7 94
94 7
47 92
92 47
35 97
97 35
13 98
98 13
19 76
76 19
38 95
95 38
79 95
95 79
46 90
90 46
64 92
92 64
84 95
95 84
84 98
98 84
10 90
90 10
46 93
93 46
8 89
89 8
24 98
98 24
16 97
97 16
49 97
97 49
13 71
71 13
1 94
94 1
54 94
94 54
22 93
93 22
89 97
97 89
11 95
95 11
14 94
94 14
4 90
90 4
4 92
92 4
41 92
92 41
71 97
97 71
7 86
86 7
71 95
95 71
17 98
98 17
18 95
95 18
11 96
96 11
32 79
79 32
76 93
93 76
10 88
88 10
20 89
89 20
32 94
94 32
47 93
93 47
54 98
98 54
63 92
92 63
8 94
94 8
73 97
97 73
6 82
82 6
29 72
72 29
75 94
94 75
59 88
88 59
78 98
98 78
88 97
97 88
50 90
90 50
7 91
91 7
23 96
96 23
68 94
94 68
47 95
95 47
41 81
81 41
80 97
97 80
42 90
90 42
24 96
96 24
43 93
93 43
23 95
95 23
75 96
96 75
78 97
97 78
14 85
85 14
61 98
98 61
39 98
98 39
39 96
96 39
33 89
89 33
40 98
98 40
32 91
91 32
27 94
94 27
8 97
97 8
67 97
97 67
45 92
92 45
51 91
91 51
35 95
95 35
19 97
97 19
65 98
98 65
77 95
95 77
72 94
94 72
32 88
88 32
9 88
88 9
24 95
95 24
36 86
86 36
15 91
91 15
40 96
96 40
2 82
82 2
13 94
94 13
33 85
85 33
14 89
89 14
17 95
95 17
26 73
73 26
9 94
94 9
0 93
93 0
1 63
63 1
51 96
96 51
30 94
94 30
10 95
95 10
4 97
97 4
58 97
97 58
30 96
96 30
59 98
98 59
8 92
92 8
56 98
98 56
22 97
97 22
1 87
87 1
11 74
74 11
2 96
96 2
20 90
90 20
81 95
95 81
43 97
97 43
76 96
96 76
37 98
98 37
57 93
93 57
59 97
97 59
74 97
97 74
63 98
98 63
38 89
89 38
51 94
94 51
55 98
98 55
59 89
89 59
68 95
95 68
3 94
94 3
74 98
98 74
30 97
97 30
38 87
87 38
0 96
96 0
21 79
79 21
29 97
97 29
13 93
93 13
48 91
91 48
36 87
87 36
28 88
88 28
65 95
95 65
90 97
97 90
55 94
94 55
40 94
94 40
49 91
91 49
72 95
95 72
64 97
97 64
1 98
98 1
36 94
94 36
60 97
97 60
1 90
90 1
73 96
96 73
0 80
80 0
22 88
88 22
75 95
95 75
1 85
85 1
40 79
79 40
15 87
87 15
8 80
80 8
48 92
92 48
11 97
97 11
14 86
86 14
6 96
96 6
68 93
93 68
67 96
96 67
1 84
84 1
21 97
97 21
61 94
94 61
9 65
65 9
42 87
87 42
17 89
89 17
62 97
97 62
17 78
78 17
70 96
96 70
12 92
92 12
61 97
97 61
65 97
97 65
45 97
97 45
32 83
83 32
0 95
95 0
17 88
88 17
60 88
88 60
33 91
91 33
37 93
93 37
15 95
95 15
35 94
94 35
7 83
83 7
74 95
95 74
1 96
96 1
34 79
79 34
56 97
97 56
23 85
85 23
53 96
96 53
3 75
75 3
1 89
89 1
69 89
89 69
35 89
89 35
58 95
95 58
28 98
98 28
21 95
95 21
47 89
89 47
77 94
94 77
58 91
91 58
16 84
84 16
2 93
93 2
38 98
98 38
46 91
91 46
26 89
89 26
58 96
96 58
25 87
87 25
52 93
93 52
3 80
80 3
34 82
82 34
19 91
91 19
4 82
82 4
43 96
96 43
47 85
85 47
63 95
95 63
67 95
95 67
43 98
98 43
71 91
91 71
60 91
91 60
18 91
91 18
57 95
95 57
74 96
96 74
51 89
89 51
82 94
94 82
3 68
68 3
50 92
92 50
29 98
98 29
15 85
85 15
56 91
91 56
30 95
95 30
62 95
95 62
38 90
90 38
26 83
83 26
16 92
92 16
52 96
96 52
8 95
95 8
13 96
96 13
21 98
98 21
16 94
94 16
41 97
97 41
32 97
97 32
86 97
97 86
32 92
92 32
80 94
94 80
8 96
96 8
50 78
78 50
60 90
90 60
27 91
91 27
40 86
86 40
5 78
78 5
58 89
89 58
37 87
87 37
46 96
96 46
62 96
96 62
84 96
96 84
22 89
89 22
20 97
97 20
42 89
89 42
82 96
96 82
63 90
90 63
37 90
90 37
31 91
91 31
81 93
93 81
35 91
91 35
40 95
95 40
47 98
98 47
13 87
87 13
5 84
84 5
52 87
87 52
23 97
97 23
76 94
94 76
91 97
97 91
21 96
96 21
44 98
98 44
32 89
89 32
24 89
89 24
36 97
97 36
21 77
77 21
52 97
97 52
20 94
94 20
92 96
96 92
5 94
94 5
9 76
76 9
15 97
97 15
16 82
82 16
63 96
96 63
17 93
93 17
30 92
92 30
66 96
96 66
70 92
92 70
49 83
83 49
72 97
97 72
41 87
87 41
11 87
87 11
44 93
93 44
13 90
90 13
86 95
95 86
54 85
85 54
8 91
91 8
33 96
96 33
38 96
96 38
18 82
82 18
26 92
92 26
3 93
93 3
4 95
95 4
67 92
92 67
49 93
93 49
53 98
98 53
26 98
98 26
38 78
78 38
7 98
98 7
70 86
86 70
60 98
98 60
19 80
80 19
11 93
93 11
83 96
96 83
57 94
94 57
14 91
91 14
15 76
76 15
20 71
71 20
50 85
85 50
50 89
89 50
72 96
96 72
49 84
84 49
54 87
87 54
23 88
88 23
5 98
98 5
57 98
98 57
0 94
94 0
10 78
78 10
4 75
75 4
73 93
93 73
18 90
90 18
4 86
86 4
80 93
93 80
20 75
75 20
2 66
66 2
43 89
89 43
2 84
84 2
55 90
90 55
34 94
94 34
21 78
78 21
53 92
92 53
69 93
93 69
12 94
94 12
33 81
81 33
74 89
89 74
48 89
89 48
29 92
92 29
24 86
86 24
5 89
89 5
42 98
98 42
10 94
94 10
38 94
94 38
12 97
97 12
85 96
96 85
7 84
84 7
46 92
92 46
77 96
96 77
40 90
90 40
39 94
94 39
1 97
97 1
28 90
90 28
14 92
92 14
57 83
83 57
4 94
94 4
54 95
95 54
57 91
91 57
63 94
94 63
39 90
90 39
36 93
93 36
41 98
98 41
58 88
88 58
12 89
89 12
50 91
91 50
61 89
89 61
67 93
93 67
10 97
97 10
50 95
95 50
52 90
90 52
47 79
79 47
33 94
94 33
44 87
87 44
28 89
89 28
15 93
93 15
29 93
93 29
19 96
96 19
41 96
96 41
33 80
80 33
49 86
86 49
9 89
89 9
34 95
95 34
86 96
96 86
55 93
93 55
23 94
94 23
33 90
90 33
37 95
95 37
67 86
86 67
28 70
70 28
63 93
93 63
34 89
89 34
43 87
87 43
26 88
88 26
87 94
94 87
20 81
81 20
46 95
95 46
23 92
92 23
62 92
92 62
14 98
98 14
0 90
90 0
37 94
94 37
83 95
95 83
53 94
94 53
49 88
88 49
7 95
95 7
30 98
98 30
43 95
95 43
4 88
88 4
3 97
97 3
33 83
83 33
61 93
93 61
43 85
85 43
60 95
95 60
50 87
87 50
1 95
95 1
7 85
85 7
12 86
86 12
67 94
94 67
9 81
81 9
42 88
88 42
13 86
86 13
12 91
91 12
6 86
86 6
28 96
96 28
73 95
95 73
41 95
95 41
84 94
94 84
0 82
82 0
2 86
86 2
27 98
98 27
62 90
90 62
40 93
93 40
8 71
71 8
14 95
95 14
18 92
92 18
28 91
91 28
54 96
96 54
51 93
93 51
71 92
92 71
14 97
97 14
27 96
96 27
56 92
92 56
5 93
93 5
9 91
91 9
10 91
91 10
20 98
98 20
21 86
86 21
72 91
91 72
58 92
92 58
34 93
93 34
23 83
83 23
27 90
90 27
19 87
87 19
6 95
95 6
22 98
98 22
25 82
82 25
21 91
91 21
65 91
91 65
35 96
96 35
67 91
91 67
63 89
89 63
2 85
85 2
13 83
83 13
33 98
98 33
68 86
86 68
35 92
92 35
10 98
98 10
47 88
88 47
47 96
96 47
54 89
89 54
62 89
89 62
22 96
96 22
74 94
94 74
16 95
95 16
24 84
84 24
32 95
95 32
64 95
95 64
61 96
96 61
31 98
98 31
15 90
90 15
31 94
94 31
18 93
93 18
36 88
88 36
4 98
98 4
41 93
93 41
26 91
91 26
4 85
85 4
51 95
95 51
9 85
85 9
76 95
95 76
7 96
96 7
49 89
89 49
59 92
92 59
11 85
85 11
53 84
84 53
0 75
75 0
0 87
87 0
8 93
93 8
38 85
85 38
64 89
89 64
33 92
92 33
5 76
76 5
51 90
90 51
37 97
97 37
31 85
85 31
18 94
94 18
48 96
96 48
50 96
96 50
12 96
96 12
17 96
96 17
29 96
96 29
54 84
84 54
27 92
92 27
51 92
92 51
17 79
79 17
13 89
89 13
6 85
85 6
9 78
78 9
51 86
86 51
71 88
88 71
6 97
97 6
5 67
67 5
10 83
83 10
28 94
94 28
27 82
82 27
44 92
92 44
88 96
96 88
89 95
95 89
33 97
97 33
5 97
97 5
78 92
92 78
2 88
88 2
12 93
93 12
23 90
90 23
23 76
76 23
77 92
92 77
34 91
91 34
30 91
91 30
73 94
94 73
29 90
90 29
32 96
96 32
33 93
93 33
5 87
87 5
6 78
78 6
42 92
92 42
13 85
85 13
23 91
91 23
61 95
95 61
41 88
88 41
24 85
85 24
19 98
98 19
22 82
82 22
59 94
94 59
38 92
92 38
50 82
82 50
40 82
82 40
22 87
87 22
50 97
97 50
49 96
96 49
14 93
93 14
85 95
95 85
43 92
92 43
47 97
97 47
24 93
93 24
36 92
92 36
14 90
90 14
15 96
96 15
65 89
89 65
49 90
90 49
2 94
94 2
28 95
95 28
27 85
85 27
26 90
90 26
41 86
86 41
2 91
91 2
79 92
92 79
2 92
92 2
34 88
88 34
45 90
90 45
64 93
93 64
65 96
96 65
81 94
94 81
1 75
75 1
80 95
95 80
