100 1178
1 1775
4 1866
2 818
2 1663
2 531
2 351
5 1892
4 1398
1 373
2 553
4 1519
5 1070
1 1769
2 102
4 1375
4 1062
1 978
3 582
2 1440
5 1408
3 1157
4 1982
1 1439
3 311
4 1781
3 1660
4 105
2 1715
5 1304
3 1701
2 302
1 1166
2 755
4 1698
3 309
4 561
3 14
2 557
4 1208
4 1528
2 641
1 1600
4 1563
5 1831
1 397
2 1421
4 184
3 1777
4 1841
4 904
5 693
5 1887
4 1375
1 1633
1 1070
2 1217
1 1540
3 1501
5 1994
1 1767
1 1160
1 1991
1 174
2 1707
5 1749
3 1958
5 1063
1 555
5 175
5 445
3 1800
4 276
1 270
1 1829
5 939
1 484
1 847
2 1847
4 1361
5 66
2 1638
2 895
3 266
4 1826
2 1652
5 1281
3 12
3 1762
3 1124
4 800
5 1718
1 320
4 1006
3 671
5 1765
4 909
3 240
1 1430
4 429
5 406
14 93
93 14
82 98
98 82
76 98
98 76
88 98
98 88
44 96
96 44
71 98
98 71
79 98
98 79
68 98
98 68
31 92
92 31
80 96
96 80
75 95
95 75
6 97
97 6
31 80
80 31
13 94
94 13
43 98
98 43
55 84
84 55
53 96
96 53
10 92
92 10
54 80
80 54
26 98
98 26
93 98
98 93
65 95
95 65
83 97
97 83
54 84
84 54
44 82
82 44
40 93
93 40
55 98
98 55
83 96
96 83
8 97
97 8
27 93
93 27
23 79
79 23
76 97
97 76
82 97
97 82
24 92
92 24
86 98
98 86
21 96
96 21
24 89
89 24
8 92
92 8
92 97
97 92
3 96
96 3
45 89
89 45
23 94
94 23
11 94
94 11
69 97
97 69
1 93
93 1
57 98
98 57
95 98
98 95
74 97
97 74
49 97
97 49
4 79
79 4
56 98
98 56
41 93
93 41
23 95
95 23
84 98
98 84
64 98
98 64
53 92
92 53
47 97
97 47
87 98
98 87
89 98
98 89
78 98
98 78
52 98
98 52
43 90
90 43
66 95
95 66
80 97
97 80
28 87
87 28
38 98
98 38
69 95
95 69
84 97
97 84
50 95
95 50
81 97
97 81
28 91
91 28
35 97
97 35
60 93
93 60
98 99
99 98
4 96
96 4
32 90
90 32
81 96
96 81
49 95
95 49
28 90
90 28
4 78
78 4
63 96
96 63
71 95
95 71
73 98
98 73
49 85
85 49
54 95
95 54
51 94
94 51
25 92
92 25
34 98
98 34
29 84
84 29
56 96
96 56
30 97
97 30
76 95
95 76
72 89
89 72
81 98
98 81
30 98
98 30
16 87
87 16
22 94
94 22
4 98
98 4
39 96
96 39
69 93
93 69
3 79
79 3
21 80
80 21
70 98
98 70
75 92
92 75
74 98
98 74
55 97
97 55
36 97
97 36
6 75
75 6
30 82
82 30
17 98
98 17
63 93
93 63
3 89
89 3
28 95
95 28
52 97
97 52
3 95
95 3
46 89
89 46
55 92
92 55
69 94
94 69
75 97
97 75
19 96
96 19
18 98
98 18
73 95
95 73
63 94
94 63
78 97
97 78
59 97
97 59
19 85
85 19
10 95
95 10
97 98
98 97
3 90
90 3
89 97
97 89
40 90
90 40
45 94
94 45
92 98
98 92
40 94
94 40
37 98
98 37
46 98
98 46
45 98
98 45
5 94
94 5
78 96
96 78
15 88
88 15
34 97
97 34
71 97
97 71
22 92
92 22
85 98
98 85
81 94
94 81
96 98
98 96
36 83
83 36
94 98
98 94
2 78
78 2
50 97
97 50
34 95
95 34
14 81
81 14
48 98
98 48
20 89
89 20
37 96
96 37
47 93
93 47
79 97
97 79
55 91
91 55
77 96
96 77
1 68
68 1
63 95
95 63
47 95
95 47
66 97
97 66
90 98
98 90
21 92
92 21
12 96
96 12
27 95
95 27
73 97
97 73
80 98
98 80
32 95
95 32
22 89
89 22
1 95
95 1
82 96
96 82
77 98
98 77
19 98
98 19
16 92
92 16
70 95
95 70
26 95
95 26
44 97
97 44
21 93
93 21
33 97
97 33
70 97
97 70
58 94
94 58
2 92
92 2
49 96
96 49
53 85
85 53
18 92
92 18
16 83
83 16
66 98
98 66
31 87
87 31
3 93
93 3
2 88
88 2
32 77
77 32
0 98
98 0
67 95
95 67
26 97
97 26
27 92
92 27
6 91
91 6
50 94
94 50
16 81
81 16
55 83
83 55
50 96
96 50
44 84
84 44
61 93
93 61
34 91
91 34
58 96
96 58
14 84
84 14
39 92
92 39
0 93
93 0
9 78
78 9
38 92
92 38
91 98
98 91
77 94
94 77
45 96
96 45
13 89
89 13
57 97
97 57
4 82
82 4
10 97
97 10
10 94
94 10
64 92
92 64
34 92
92 34
12 97
97 12
31 98
98 31
33 96
96 33
43 95
95 43
14 98
98 14
0 91
91 0
19 93
93 19
65 97
97 65
5 89
89 5
56 97
97 56
19 77
77 19
2 97
97 2
63 98
98 63
40 98
98 40
49 98
98 49
68 94
94 68
35 98
98 35
0 68
68 0
28 67
67 28
39 86
86 39
90 97
97 90
10 72
72 10
9 85
85 9
43 94
94 43
55 93
93 55
62 96
96 62
56 84
84 56
12 98
98 12
21 83
83 21
17 92
92 17
45 97
97 45
32 96
96 32
8 96
96 8
43 92
92 43
25 98
98 25
55 95
95 55
6 98
98 6
8 98
98 8
15 81
81 15
23 96
96 23
18 96
96 18
61 97
97 61
71 96
96 71
42 96
96 42
51 92
92 51
20 81
81 20
17 97
97 17
18 93
93 18
50 90
90 50
91 97
97 91
31 93
93 31
62 98
98 62
16 84
84 16
89 95
95 89
45 93
93 45
77 97
97 77
69 98
98 69
30 96
96 30
30 94
94 30
7 91
91 7
52 95
95 52
54 94
94 54
27 96
96 27
36 89
89 36
38 84
84 38
55 90
90 55
7 97
97 7
65 98
98 65
17 96
96 17
32 92
92 32
64 94
94 64
18 94
94 18
62 87
87 62
50 98
98 50
13 88
88 13
88 97
97 88
37 81
81 37
28 89
89 28
39 98
98 39
39 89
89 39
72 96
96 72
68 97
97 68
62 97
97 62
50 82
82 50
39 90
90 39
51 97
97 51
42 90
90 42
8 95
95 8
26 92
92 26
36 92
92 36
40 92
92 40
53 98
98 53
2 91
91 2
2 90
90 2
4 86
86 4
58 95
95 58
9 89
89 9
42 97
97 42
32 89
89 32
16 95
95 16
65 89
89 65
51 86
86 51
38 93
93 38
61 98
98 61
49 94
94 49
39 97
97 39
72 93
93 72
19 86
86 19
83 94
94 83
39 84
84 39
35 93
93 35
45 92
92 45
1 87
87 1
72 98
98 72
12 86
86 12
58 93
93 58
54 93
93 54
58 97
97 58
30 89
89 30
0 96
96 0
59 95
95 59
24 95
95 24
1 71
71 1
50 80
80 50
67 90
90 67
68 95
95 68
28 98
98 28
3 88
88 3
69 83
83 69
44 95
95 44
64 97
97 64
38 95
95 38
16 74
74 16
8 91
91 8
5 83
83 5
12 75
75 12
82 95
95 82
57 95
95 57
1 94
94 1
22 97
97 22
75 96
96 75
67 96
96 67
34 88
88 34
41 94
94 41
67 97
97 67
25 74
74 25
11 98
98 11
5 92
92 5
48 85
85 48
66 92
92 66
33 90
90 33
25 94
94 25
21 94
94 21
44 98
98 44
51 96
96 51
35 82
82 35
21 71
71 21
14 78
78 14
22 83
83 22
47 98
98 47
15 83
83 15
5 71
71 5
34 96
96 34
11 74
74 11
38 97
97 38
40 97
97 40
32 98
98 32
28 72
72 28
2 96
96 2
57 86
86 57
0 85
85 0
73 94
94 73
6 74
74 6
59 96
96 59
67 93
93 67
11 95
95 11
7 88
88 7
64 88
88 64
13 92
92 13
58 98
98 58
13 98
98 13
22 88
88 22
3 94
94 3
57 94
94 57
54 97
97 54
28 93
93 28
67 98
98 67
25 95
95 25
60 98
98 60
56 86
86 56
25 85
85 25
14 97
97 14
24 98
98 24
86 95
95 86
53 86
86 53
30 87
87 30
63 97
97 63
22 98
98 22
37 92
92 37
36 88
88 36
60 97
97 60
46 93
93 46
30 88
88 30
39 95
95 39
36 77
77 36
74 95
95 74
19 87
87 19
75 94
94 75
10 70
70 10
75 98
98 75
32 97
97 32
8 94
94 8
5 93
93 5
0 89
89 0
39 94
94 39
5 98
98 5
50 83
83 50
63 92
92 63
29 90
90 29
10 96
96 10
39 93
93 39
20 95
95 20
79 94
94 79
32 93
93 32
35 94
94 35
16 91
91 16
19 95
95 19
58 92
92 58
64 90
90 64
18 88
88 18
46 94
94 46
31 97
97 31
20 98
98 20
54 98
98 54
7 79
79 7
29 97
97 29
48 93
93 48
36 94
94 36
7 87
87 7
26 96
96 26
57 96
96 57
9 97
97 9
7 95
95 7
40 95
95 40
7 94
94 7
9 94
94 9
12 91
91 12
41 98
98 41
32 88
88 32
30 91
91 30
66 88
88 66
59 98
98 59
25 76
76 25
33 95
95 33
12 88
88 12
70 91
91 70
17 86
86 17
5 95
95 5
64 93
93 64
62 92
92 62
35 92
92 35
31 94
94 31
5 90
90 5
71 94
94 71
42 98
98 42
51 89
89 51
5 76
76 5
9 84
84 9
79 96
96 79
25 86
86 25
42 88
88 42
13 95
95 13
69 92
92 69
10 91
91 10
48 95
95 48
54 96
96 54
70 89
89 70
46 95
95 46
2 64
64 2
9 79
79 9
7 85
85 7
52 96
96 52
7 82
82 7
68 93
93 68
19 97
97 19
68 96
96 68
75 93
93 75
89 96
96 89
0 95
95 0
25 84
84 25
54 92
92 54
62 88
88 62
21 97
97 21
7 96
96 7
37 97
97 37
25 97
97 25
16 94
94 16
37 87
87 37
41 96
96 41
57 91
91 57
29 95
95 29
2 77
77 2
59 93
93 59
55 96
96 55
18 90
90 18
22 96
96 22
26 91
91 26
1 96
96 1
36 93
93 36
20 96
96 20
61 90
90 61
4 97
97 4
6 93
93 6
25 90
90 25
8 85
85 8
12 82
82 12
16 97
97 16
38 88
88 38
61 92
92 61
49 93
93 49
18 89
89 18
81 95
95 81
55 88
88 55
60 96
96 60
69 96
96 69
24 88
88 24
15 85
85 15
10 98
98 10
19 79
79 19
75 91
91 75
19 83
83 19
76 96
96 76
14 88
88 14
76 92
92 76
47 94
94 47
20 92
92 20
12 78
78 12
29 98
98 29
23 86
86 23
14 90
90 14
7 81
81 7
9 91
91 9
65 96
96 65
64 96
96 64
1 97
97 1
29 92
92 29
38 81
81 38
45 95
95 45
12 73
73 12
87 97
97 87
88 95
95 88
2 80
80 2
45 86
86 45
41 97
97 41
9 93
93 9
41 92
92 41
77 88
88 77
66 94
94 66
19 91
91 19
6 95
95 6
47 92
92 47
15 68
68 15
13 97
97 13
74 92
92 74
2 98
98 2
48 90
90 48
45 84
84 45
20 88
88 20
