100 99
1204 1985
1571 1701
1797 1962
1435 1565
724 1246
286 392
1003 1998
188 1384
1138 1739
1226 1791
678 703
633 1539
327 1468
837 1220
1912 1930
1409 1849
1060 1474
1489 1893
1331 1868
1330 1532
295 1392
459 917
996 1134
905 937
694 1730
355 756
242 1832
160 1908
1648 1888
703 1677
853 1027
346 707
753 1137
188 1328
1700 1788
1327 1483
1918 1967
1515 1671
92 837
893 1320
1241 1452
165 1609
686 813
636 647
1014 1534
1469 1993
425 801
1075 1115
1798 1878
768 1216
173 289
1834 1926
458 1334
1056 1300
1261 1365
1989 2000
1435 1857
1945 1977
1164 1826
732 1018
1074 1510
706 990
621 631
478 1787
1890 1979
1382 1781
1834 1904
1404 1698
1885 1977
1365 1567
1723 1993
1797 1899
1157 1828
501 683
968 1808
1698 1718
70 338
792 982
619 1082
1107 1163
190 1167
685 1611
140 809
1825 1829
301 1425
796 1553
995 1368
1594 1783
1228 1825
696 1439
1760 1902
1403 1625
1188 1559
977 1955
1811 1998
1623 1988
1019 1482
556 1383
1378 1548
1638 1996
0 1
1 2
2 3
3 4
4 5
5 6
6 7
7 8
8 9
9 10
10 11
11 12
12 13
13 14
14 15
15 16
16 17
17 18
18 19
19 20
20 21
21 22
22 23
23 24
24 25
25 26
26 27
27 28
28 29
29 30
30 31
31 32
32 33
33 34
34 35
35 36
36 37
37 38
38 39
39 40
40 41
41 42
42 43
43 44
44 45
45 46
46 47
47 48
48 49
49 50
50 51
51 52
52 53
53 54
54 55
55 56
56 57
57 58
58 59
59 60
60 61
61 62
62 63
63 64
64 65
65 66
66 67
67 68
68 69
69 70
70 71
71 72
72 73
73 74
74 75
75 76
76 77
77 78
78 79
79 80
80 81
81 82
82 83
83 84
84 85
85 86
86 87
87 88
88 89
89 90
90 91
91 92
92 93
93 94
94 95
95 96
96 97
97 98
98 99
