100 99
691 1528
901 1765
117 638
942 953
9 1947
1008 1146
239 1350
1379 1589
667 857
301 1415
1149 1249
1007 1229
921 1650
1924 1963
1653 1876
1476 1971
542 654
180 1533
576 715
1627 1726
827 870
544 1008
647 1636
1645 1766
1630 1743
415 1487
1864 1946
93 1898
523 911
429 1840
531 1447
463 559
460 1368
613 1162
829 1835
1965 1970
1855 1925
1004 1102
132 1423
642 1209
34 1422
155 243
1455 1972
412 846
651 801
1048 1547
649 1017
1913 1967
1757 1977
716 1051
1981 1982
47 1628
819 1116
847 1134
508 847
536 775
1697 1785
135 1976
1296 1577
1281 1872
533 1139
1750 1952
563 1694
565 1465
897 1948
1982 1998
476 638
1876 1981
1112 1673
1923 1982
302 1244
1968 1983
52 561
626 1552
540 1652
411 1297
344 1175
592 1372
952 1609
1461 1550
362 935
1874 1888
565 889
1073 1668
925 1559
173 1211
547 606
1548 1970
724 1198
1935 1983
1205 1997
1809 1949
1229 1411
1953 1955
1323 1488
1967 1997
167 1715
412 451
967 1816
1171 1715
0 1
1 2
2 3
3 4
4 5
5 6
6 7
7 8
8 9
9 10
10 11
11 12
12 13
13 14
14 15
15 16
16 17
17 18
18 19
19 20
20 21
21 22
22 23
23 24
24 25
25 26
26 27
27 28
28 29
29 30
30 31
31 32
32 33
33 34
34 35
35 36
36 37
37 38
38 39
39 40
40 41
41 42
42 43
43 44
44 45
45 46
46 47
47 48
48 49
49 50
50 51
51 52
52 53
53 54
54 55
55 56
56 57
57 58
58 59
59 60
60 61
61 62
62 63
63 64
64 65
65 66
66 67
67 68
68 69
69 70
70 71
71 72
72 73
73 74
74 75
75 76
76 77
77 78
78 79
79 80
80 81
81 82
82 83
83 84
84 85
85 86
86 87
87 88
88 89
89 90
90 91
91 92
92 93
93 94
94 95
95 96
96 97
97 98
98 99
