100 99
644 1588
794 1519
229 1936
955 1665
183 1956
826 1398
207 765
580 1625
1451 1671
1115 1480
1484 1788
789 978
1221 1535
1011 1666
705 844
772 1500
165 788
643 1786
333 1860
501 757
1481 1842
670 1815
683 1869
1186 1286
1423 1525
1679 1918
1751 1826
1038 1756
179 390
1909 1923
565 860
235 522
802 1805
594 1234
1082 1462
1093 1606
1300 1714
1569 1600
68 844
1091 1752
1570 1644
456 1464
1107 1517
1666 1801
1735 1992
235 1973
1819 1922
1397 1402
1322 1509
1798 1857
740 911
214 1795
297 1666
981 1384
860 1005
738 842
419 930
618 1145
491 1967
1124 1558
923 1551
1093 1172
255 1975
49 1045
1947 1991
11 1637
572 1857
760 1793
664 1599
532 1667
1907 1959
1379 1681
978 1124
1118 1178
1671 1880
1656 1825
480 838
118 513
1065 1297
63 107
1443 1897
1899 1995
1702 1926
139 1860
983 1636
245 1846
237 296
635 668
804 1624
1036 1455
1732 1775
1736 1928
1329 1731
345 351
1904 1934
1680 1730
1257 1991
1059 1312
180 189
1606 1710
0 1
1 2
2 3
3 4
4 5
5 6
6 7
7 8
8 9
9 10
10 11
11 12
12 13
13 14
14 15
15 16
16 17
17 18
18 19
19 20
20 21
21 22
22 23
23 24
24 25
25 26
26 27
27 28
28 29
29 30
30 31
31 32
32 33
33 34
34 35
35 36
36 37
37 38
38 39
39 40
40 41
41 42
42 43
43 44
44 45
45 46
46 47
47 48
48 49
49 50
50 51
51 52
52 53
53 54
54 55
55 56
56 57
57 58
58 59
59 60
60 61
61 62
62 63
63 64
64 65
65 66
66 67
67 68
68 69
69 70
70 71
71 72
72 73
73 74
74 75
75 76
76 77
77 78
78 79
79 80
80 81
81 82
82 83
83 84
84 85
85 86
86 87
87 88
88 89
89 90
90 91
91 92
92 93
93 94
94 95
95 96
96 97
97 98
98 99
