100 99
1247 1869
1817 1874
165 329
538 956
112 1329
445 1970
1931 1981
1514 1623
1411 1439
461 1625
636 1472
81 603
1519 1675
1779 1812
1355 1453
737 1719
1838 1858
233 1374
308 434
1538 1819
1045 1849
750 1958
1679 1845
1385 1784
622 1747
1619 1742
1413 1586
155 1501
136 860
719 1689
434 447
1256 1617
492 1665
64 1323
1062 1548
1768 1877
1940 1948
906 1936
1149 1748
499 1708
176 1032
824 1771
181 1492
185 628
427 578
1326 1719
723 828
208 1196
656 1851
1962 1994
222 1560
1500 1586
961 1127
659 1165
818 1855
607 1054
1397 1538
1754 1898
1299 1367
1805 1907
1001 1603
506 1914
1180 1306
733 1750
831 1909
97 649
990 1941
904 1525
1934 1974
423 1504
517 979
638 1572
1070 1467
1193 1667
425 1172
1992 1993
1018 1813
72 1215
1007 1349
1741 1951
25 1006
751 1651
961 1171
269 1352
1602 1754
1420 1686
1408 1668
111 722
1595 1951
1 1992
257 945
753 771
1949 1984
912 924
999 1634
747 1456
1805 1985
1846 1941
480 673
120 1057
0 1
1 2
2 3
3 4
4 5
5 6
6 7
7 8
8 9
9 10
10 11
11 12
12 13
13 14
14 15
15 16
16 17
17 18
18 19
19 20
20 21
21 22
22 23
23 24
24 25
25 26
26 27
27 28
28 29
29 30
30 31
31 32
32 33
33 34
34 35
35 36
36 37
37 38
38 39
39 40
40 41
41 42
42 43
43 44
44 45
45 46
46 47
47 48
48 49
49 50
50 51
51 52
52 53
53 54
54 55
55 56
56 57
57 58
58 59
59 60
60 61
61 62
62 63
63 64
64 65
65 66
66 67
67 68
68 69
69 70
70 71
71 72
72 73
73 74
74 75
75 76
76 77
77 78
78 79
79 80
80 81
81 82
82 83
83 84
84 85
85 86
86 87
87 88
88 89
89 90
90 91
91 92
92 93
93 94
94 95
95 96
96 97
97 98
98 99
