100 99
1136 1541
1862 1912
379 796
854 879
1729 1865
513 697
1663 1771
1088 1415
1077 1746
1542 1607
375 1001
1671 1771
883 1691
466 1266
126 791
1606 1988
1243 1327
1993 1999
700 729
955 1964
571 674
402 560
1436 1765
1509 1884
1399 1502
1086 1223
10 983
9 51
950 1418
368 1713
1929 1952
650 882
75 680
1717 1958
1675 1799
1597 1787
622 1602
1368 1605
1152 1327
1740 1836
734 1430
188 1832
830 1911
337 1757
830 981
1627 1889
518 535
935 1649
980 995
1548 1934
74 1219
123 391
1953 1977
899 1432
635 1430
1558 1646
1086 1107
94 370
448 770
48 1688
142 1580
668 1640
1152 1599
1925 1970
498 880
1826 1912
786 995
989 1048
517 1599
396 825
927 1831
1543 1854
795 937
1995 1997
1379 1542
1283 1360
6 923
1900 1975
39 1181
651 1248
148 811
156 1247
587 1515
47 893
1923 1983
1347 1795
1908 1994
651 704
681 1486
1934 1953
260 1429
1035 1188
996 1233
1791 1934
1219 1387
693 1329
1631 1679
624 1777
481 531
120 1082
0 1
1 2
2 3
3 4
4 5
5 6
6 7
7 8
8 9
9 10
10 11
11 12
12 13
13 14
14 15
15 16
16 17
17 18
18 19
19 20
20 21
21 22
22 23
23 24
24 25
25 26
26 27
27 28
28 29
29 30
30 31
31 32
32 33
33 34
34 35
35 36
36 37
37 38
38 39
39 40
40 41
41 42
42 43
43 44
44 45
45 46
46 47
47 48
48 49
49 50
50 51
51 52
52 53
53 54
54 55
55 56
56 57
57 58
58 59
59 60
60 61
61 62
62 63
63 64
64 65
65 66
66 67
67 68
68 69
69 70
70 71
71 72
72 73
73 74
74 75
75 76
76 77
77 78
78 79
79 80
80 81
81 82
82 83
83 84
84 85
85 86
86 87
87 88
88 89
89 90
90 91
91 92
92 93
93 94
94 95
95 96
96 97
97 98
98 99
