100 878
4 943
5 781
5 991
1 1781
5 1450
5 26
4 900
2 1022
3 150
4 1853
3 293
1 24
5 1159
4 1743
2 378
4 1553
2 457
5 1694
5 168
4 628
2 1630
2 398
3 1197
2 651
3 195
3 645
1 1331
2 684
4 1818
1 845
3 162
2 1942
5 1735
4 168
5 1678
2 1427
1 1111
2 1043
3 1049
4 442
1 676
1 1044
3 844
2 1896
5 289
1 1764
4 518
5 784
5 1421
4 984
3 1493
1 1824
5 1942
5 84
2 2000
5 1596
5 303
2 1215
4 1016
1 473
3 1779
1 1190
4 67
1 534
2 360
5 141
5 180
1 1463
3 1803
5 105
1 1067
5 1924
2 961
2 894
5 317
4 693
1 1547
5 58
5 222
2 336
3 1138
2 506
1 1175
2 523
3 424
1 1148
2 1289
5 1936
2 324
2 1512
3 849
3 184
1 1349
4 1622
4 838
1 1323
1 340
2 1897
2 357
4 1421
11 93
93 11
16 98
98 16
71 97
97 71
14 96
96 14
66 91
91 66
72 98
98 72
89 97
97 89
36 89
89 36
5 98
98 5
35 86
86 35
10 93
93 10
36 85
85 36
79 96
96 79
6 93
93 6
48 95
95 48
44 96
96 44
90 98
98 90
52 97
97 52
37 96
96 37
47 97
97 47
25 91
91 25
38 96
96 38
47 94
94 47
23 92
92 23
57 97
97 57
80 98
98 80
11 97
97 11
79 98
98 79
6 77
77 6
33 94
94 33
12 94
94 12
27 97
97 27
45 96
96 45
17 93
93 17
52 91
91 52
47 98
98 47
76 97
97 76
11 70
70 11
65 98
98 65
32 93
93 32
59 96
96 59
75 98
98 75
56 89
89 56
27 94
94 27
18 82
82 18
89 98
98 89
75 97
97 75
30 89
89 30
1 95
95 1
57 86
86 57
63 92
92 63
60 91
91 60
80 96
96 80
25 96
96 25
42 97
97 42
12 84
84 12
75 93
93 75
22 88
88 22
97 98
98 97
36 97
97 36
69 91
91 69
39 89
89 39
2 91
91 2
54 97
97 54
77 96
96 77
88 97
97 88
51 94
94 51
62 97
97 62
79 92
92 79
95 98
98 95
76 96
96 76
47 93
93 47
0 92
92 0
7 92
92 7
49 97
97 49
9 81
81 9
55 94
94 55
85 96
96 85
91 98
98 91
82 97
97 82
15 93
93 15
77 98
98 77
19 95
95 19
37 85
85 37
7 72
72 7
53 95
95 53
18 97
97 18
75 94
94 75
31 83
83 31
91 97
97 91
17 75
75 17
70 98
98 70
27 84
84 27
28 93
93 28
56 97
97 56
65 94
94 65
78 98
98 78
13 92
92 13
5 80
80 5
4 97
97 4
53 96
96 53
69 93
93 69
37 97
97 37
23 85
85 23
2 90
90 2
29 95
95 29
20 93
93 20
5 97
97 5
16 96
96 16
6 83
83 6
23 95
95 23
48 83
83 48
39 87
87 39
98 99
99 98
92 97
97 92
3 93
93 3
49 98
98 49
87 98
98 87
49 88
88 49
74 94
94 74
68 98
98 68
56 98
98 56
31 86
86 31
14 66
66 14
15 77
77 15
44 97
97 44
39 96
96 39
92 98
98 92
4 98
98 4
81 98
98 81
96 98
98 96
67 96
96 67
81 95
95 81
20 98
98 20
1 98
98 1
5 95
95 5
41 97
97 41
2 95
95 2
5 86
86 5
18 96
96 18
61 95
95 61
93 98
98 93
43 97
97 43
86 98
98 86
55 97
97 55
48 88
88 48
42 94
94 42
35 90
90 35
71 98
98 71
73 97
97 73
42 89
89 42
51 83
83 51
35 95
95 35
8 65
65 8
70 95
95 70
53 97
97 53
68 96
96 68
17 94
94 17
32 84
84 32
22 98
98 22
41 98
98 41
27 98
98 27
38 89
89 38
15 96
96 15
60 95
95 60
69 97
97 69
15 83
83 15
33 92
92 33
28 98
98 28
50 94
94 50
64 97
97 64
12 97
97 12
17 88
88 17
70 93
93 70
78 97
97 78
68 97
97 68
81 94
94 81
72 91
91 72
5 91
91 5
7 85
85 7
4 94
94 4
51 92
92 51
63 95
95 63
16 97
97 16
64 94
94 64
84 95
95 84
58 93
93 58
13 97
97 13
73 96
96 73
42 93
93 42
7 96
96 7
50 90
90 50
34 98
98 34
85 97
97 85
50 97
97 50
42 98
98 42
40 98
98 40
51 98
98 51
25 78
78 25
59 98
98 59
25 69
69 25
28 96
96 28
25 90
90 25
9 89
89 9
16 83
83 16
66 98
98 66
16 93
93 16
49 94
94 49
31 87
87 31
57 87
87 57
2 70
70 2
4 83
83 4
71 94
94 71
6 87
87 6
45 92
92 45
84 96
96 84
32 97
97 32
69 95
95 69
39 97
97 39
35 96
96 35
17 96
96 17
24 97
97 24
83 98
98 83
4 93
93 4
21 91
91 21
41 80
80 41
31 89
89 31
73 98
98 73
63 87
87 63
60 98
98 60
52 98
98 52
79 95
95 79
84 98
98 84
52 96
96 52
67 98
98 67
40 75
75 40
67 93
93 67
20 94
94 20
12 95
95 12
48 98
98 48
61 96
96 61
14 81
81 14
88 98
98 88
27 78
78 27
6 74
74 6
23 96
96 23
85 98
98 85
51 93
93 51
5 92
92 5
14 95
95 14
4 55
55 4
28 97
97 28
40 96
96 40
55 93
93 55
64 98
98 64
70 97
97 70
3 92
92 3
17 82
82 17
8 95
95 8
21 95
95 21
30 94
94 30
8 96
96 8
2 86
86 2
22 93
93 22
62 96
96 62
44 98
98 44
39 95
95 39
47 96
96 47
59 95
95 59
44 89
89 44
3 77
77 3
82 98
98 82
48 97
97 48
15 87
87 15
24 88
88 24
70 96
96 70
61 97
97 61
73 95
95 73
74 97
97 74
62 98
98 62
48 85
85 48
19 81
81 19
0 78
78 0
39 98
98 39
26 96
96 26
55 92
92 55
1 89
89 1
47 90
90 47
14 93
93 14
68 87
87 68
4 95
95 4
19 96
96 19
53 86
86 53
35 97
97 35
58 98
98 58
32 96
96 32
37 98
98 37
27 86
86 27
3 85
85 3
8 92
92 8
12 87
87 12
49 93
93 49
51 96
96 51
72 97
97 72
63 96
96 63
79 97
97 79
20 88
88 20
29 94
94 29
18 88
88 18
6 89
89 6
48 93
93 48
59 97
97 59
94 98
98 94
28 90
90 28
66 97
97 66
43 98
98 43
8 93
93 8
18 94
94 18
84 97
97 84
14 88
88 14
27 81
81 27
58 94
94 58
53 98
98 53
25 95
95 25
12 58
58 12
14 89
89 14
48 90
90 48
27 89
89 27
50 98
98 50
28 89
89 28
44 91
91 44
18 87
87 18
19 85
85 19
55 86
86 55
67 97
97 67
50 92
92 50
33 97
97 33
14 91
91 14
20 91
91 20
1 81
81 1
34 97
97 34
55 89
89 55
6 61
61 6
36 93
93 36
36 96
96 36
59 85
85 59
26 93
93 26
30 96
96 30
3 98
98 3
69 96
96 69
6 90
90 6
41 85
85 41
46 97
97 46
50 96
96 50
4 86
86 4
21 90
90 21
65 93
93 65
83 96
96 83
50 95
95 50
78 93
93 78
60 94
94 60
15 71
71 15
74 96
96 74
76 98
98 76
26 98
98 26
22 96
96 22
80 97
97 80
18 66
66 18
24 85
85 24
57 98
98 57
57 94
94 57
28 95
95 28
15 94
94 15
27 85
85 27
73 92
92 73
15 97
97 15
55 95
95 55
26 86
86 26
35 85
85 35
27 87
87 27
53 92
92 53
9 91
91 9
17 86
86 17
57 84
84 57
52 94
94 52
74 98
98 74
89 96
96 89
51 97
97 51
57 96
96 57
6 94
94 6
32 88
88 32
30 81
81 30
43 91
91 43
56 92
92 56
42 95
95 42
0 82
82 0
76 95
95 76
50 88
88 50
34 83
83 34
24 93
93 24
27 96
96 27
36 90
90 36
21 93
93 21
28 73
73 28
12 93
93 12
31 98
98 31
34 95
95 34
21 97
97 21
61 98
98 61
26 89
89 26
18 91
91 18
29 81
81 29
7 79
79 7
71 91
91 71
49 95
95 49
54 96
96 54
86 94
94 86
20 97
97 20
26 92
92 26
75 96
96 75
58 97
97 58
48 96
96 48
72 96
96 72
3 97
97 3
42 84
84 42
10 95
95 10
45 94
94 45
54 86
86 54
36 87
87 36
83 97
97 83
43 94
94 43
15 91
91 15
16 64
64 16
40 90
90 40
10 69
69 10
65 95
95 65
14 97
97 14
36 98
98 36
57 88
88 57
