100 1050
4 1499
1 1088
3 1170
3 1429
3 1839
1 877
5 1176
4 1380
4 283
3 396
4 1182
3 1308
1 1499
5 1257
1 953
3 471
1 189
2 584
2 1787
5 129
1 1347
1 182
2 1243
5 548
5 172
3 1592
1 866
4 1496
1 78
5 1196
1 1076
2 1204
5 1161
3 368
3 858
1 1571
5 1182
5 1218
1 1469
1 244
2 1422
2 1427
3 201
5 1172
4 1199
2 1336
4 1350
3 1746
1 973
5 1488
2 1726
1 1133
2 1096
1 1378
2 542
4 691
2 1496
2 8
1 1136
5 425
2 606
3 783
3 724
1 1266
3 1312
1 1100
5 632
5 107
1 1803
3 1797
1 457
1 580
5 1843
4 1033
3 1248
5 61
3 1863
2 1799
4 1086
3 586
4 418
3 1852
5 318
2 1494
2 607
1 1973
5 1142
4 1300
2 1124
2 174
2 1504
4 1014
1 879
2 1228
2 1061
3 1104
1 1100
3 217
3 795
2 1752
43 95
95 43
92 97
97 92
86 98
98 86
58 98
98 58
90 98
98 90
51 93
93 51
5 97
97 5
51 97
97 51
18 83
83 18
92 98
98 92
62 98
98 62
26 97
97 26
65 94
94 65
8 82
82 8
84 97
97 84
25 96
96 25
37 89
89 37
62 93
93 62
29 96
96 29
38 80
80 38
63 98
98 63
95 98
98 95
6 97
97 6
34 81
81 34
26 86
86 26
12 97
97 12
97 98
98 97
98 99
99 98
78 97
97 78
79 98
98 79
10 82
82 10
54 95
95 54
5 96
96 5
70 84
84 70
2 91
91 2
42 89
89 42
0 85
85 0
20 96
96 20
34 94
94 34
3 92
92 3
73 98
98 73
11 87
87 11
33 95
95 33
94 98
98 94
36 97
97 36
64 97
97 64
3 83
83 3
5 77
77 5
83 97
97 83
70 97
97 70
69 96
96 69
44 88
88 44
73 93
93 73
43 98
98 43
8 95
95 8
86 97
97 86
35 88
88 35
29 95
95 29
65 97
97 65
32 91
91 32
21 97
97 21
72 98
98 72
34 87
87 34
83 91
91 83
38 93
93 38
22 81
81 22
37 87
87 37
17 96
96 17
74 95
95 74
43 97
97 43
23 94
94 23
9 98
98 9
23 97
97 23
66 98
98 66
24 74
74 24
61 95
95 61
31 97
97 31
87 97
97 87
51 90
90 51
89 98
98 89
36 89
89 36
80 98
98 80
29 97
97 29
58 91
91 58
75 98
98 75
14 98
98 14
60 95
95 60
19 97
97 19
76 97
97 76
96 98
98 96
40 83
83 40
56 97
97 56
37 95
95 37
54 93
93 54
23 98
98 23
3 97
97 3
81 97
97 81
48 96
96 48
30 86
86 30
64 95
95 64
36 93
93 36
32 97
97 32
11 96
96 11
61 96
96 61
28 96
96 28
40 89
89 40
16 97
97 16
91 98
98 91
88 96
96 88
35 96
96 35
88 97
97 88
7 92
92 7
67 91
91 67
47 88
88 47
81 98
98 81
74 96
96 74
10 86
86 10
78 98
98 78
68 92
92 68
1 85
85 1
40 97
97 40
68 97
97 68
57 94
94 57
50 90
90 50
30 97
97 30
46 98
98 46
58 95
95 58
49 97
97 49
77 98
98 77
91 97
97 91
82 97
97 82
30 98
98 30
88 98
98 88
35 81
81 35
80 93
93 80
60 97
97 60
87 95
95 87
41 94
94 41
27 93
93 27
53 93
93 53
32 96
96 32
52 94
94 52
22 97
97 22
51 96
96 51
47 94
94 47
12 94
94 12
30 87
87 30
5 60
60 5
40 98
98 40
87 98
98 87
31 93
93 31
66 95
95 66
68 93
93 68
11 76
76 11
53 98
98 53
39 90
90 39
6 93
93 6
66 96
96 66
47 90
90 47
68 95
95 68
69 98
98 69
69 95
95 69
10 85
85 10
19 86
86 19
31 95
95 31
21 95
95 21
27 97
97 27
84 98
98 84
7 98
98 7
28 92
92 28
26 96
96 26
82 98
98 82
37 98
98 37
83 96
96 83
83 98
98 83
27 66
66 27
47 98
98 47
0 96
96 0
22 98
98 22
34 97
97 34
51 94
94 51
8 87
87 8
77 97
97 77
15 78
78 15
3 96
96 3
28 98
98 28
30 96
96 30
5 83
83 5
36 90
90 36
0 92
92 0
39 92
92 39
64 96
96 64
17 65
65 17
14 93
93 14
26 89
89 26
25 92
92 25
47 95
95 47
26 98
98 26
53 95
95 53
49 91
91 49
80 97
97 80
33 97
97 33
24 84
84 24
56 92
92 56
67 94
94 67
25 88
88 25
30 95
95 30
45 92
92 45
67 95
95 67
61 94
94 61
4 90
90 4
89 96
96 89
43 88
88 43
9 87
87 9
3 90
90 3
57 97
97 57
65 98
98 65
93 98
98 93
24 86
86 24
65 95
95 65
19 96
96 19
21 96
96 21
28 90
90 28
74 97
97 74
24 98
98 24
62 95
95 62
0 82
82 0
44 98
98 44
85 98
98 85
5 94
94 5
43 94
94 43
27 95
95 27
46 86
86 46
63 95
95 63
71 89
89 71
41 91
91 41
7 68
68 7
68 96
96 68
49 94
94 49
60 98
98 60
35 97
97 35
50 93
93 50
12 81
81 12
23 80
80 23
42 95
95 42
8 75
75 8
65 96
96 65
24 80
80 24
17 97
97 17
7 96
96 7
54 90
90 54
23 92
92 23
62 97
97 62
84 94
94 84
15 92
92 15
51 95
95 51
29 87
87 29
48 88
88 48
41 95
95 41
37 97
97 37
75 94
94 75
25 91
91 25
24 93
93 24
5 89
89 5
81 95
95 81
50 96
96 50
8 84
84 8
55 89
89 55
79 96
96 79
67 98
98 67
2 98
98 2
67 97
97 67
4 69
69 4
18 89
89 18
50 97
97 50
12 98
98 12
66 97
97 66
55 95
95 55
21 93
93 21
7 82
82 7
18 95
95 18
79 97
97 79
34 98
98 34
47 97
97 47
18 97
97 18
49 90
90 49
33 85
85 33
32 75
75 32
17 90
90 17
51 98
98 51
34 83
83 34
33 80
80 33
48 97
97 48
43 87
87 43
36 96
96 36
3 91
91 3
75 96
96 75
76 95
95 76
69 97
97 69
85 97
97 85
71 97
97 71
46 92
92 46
64 94
94 64
30 78
78 30
26 95
95 26
58 92
92 58
13 86
86 13
8 85
85 8
15 82
82 15
73 97
97 73
2 63
63 2
37 88
88 37
40 92
92 40
70 98
98 70
16 93
93 16
66 93
93 66
45 96
96 45
46 90
90 46
31 98
98 31
93 97
97 93
0 98
98 0
53 94
94 53
7 83
83 7
12 95
95 12
8 94
94 8
55 93
93 55
6 81
81 6
57 92
92 57
50 91
91 50
24 88
88 24
14 96
96 14
20 94
94 20
41 96
96 41
17 83
83 17
28 95
95 28
72 94
94 72
29 88
88 29
54 89
89 54
32 89
89 32
10 97
97 10
13 84
84 13
46 89
89 46
5 85
85 5
46 91
91 46
13 90
90 13
17 95
95 17
1 98
98 1
47 92
92 47
36 86
86 36
71 96
96 71
3 77
77 3
22 95
95 22
39 97
97 39
13 89
89 13
86 96
96 86
22 96
96 22
54 94
94 54
23 95
95 23
89 95
95 89
38 97
97 38
5 98
98 5
27 86
86 27
20 97
97 20
52 98
98 52
12 96
96 12
32 90
90 32
15 98
98 15
66 91
91 66
39 98
98 39
25 95
95 25
70 96
96 70
11 98
98 11
24 85
85 24
28 91
91 28
47 93
93 47
7 85
85 7
44 94
94 44
53 97
97 53
71 95
95 71
19 82
82 19
7 91
91 7
51 88
88 51
19 85
85 19
63 97
97 63
22 77
77 22
64 98
98 64
64 92
92 64
46 95
95 46
76 98
98 76
75 95
95 75
17 87
87 17
57 98
98 57
35 91
91 35
61 98
98 61
91 96
96 91
72 93
93 72
60 96
96 60
56 87
87 56
70 94
94 70
73 96
96 73
59 88
88 59
63 93
93 63
16 96
96 16
71 92
92 71
42 98
98 42
70 95
95 70
77 95
95 77
59 98
98 59
23 89
89 23
90 97
97 90
0 89
89 0
73 95
95 73
12 93
93 12
17 92
92 17
8 96
96 8
36 83
83 36
22 80
80 22
27 84
84 27
1 95
95 1
48 93
93 48
23 82
82 23
78 95
95 78
0 62
62 0
44 96
96 44
26 94
94 26
24 96
96 24
80 94
94 80
23 93
93 23
59 91
91 59
1 96
96 1
31 92
92 31
89 97
97 89
6 79
79 6
4 89
89 4
57 93
93 57
24 97
97 24
9 97
97 9
45 93
93 45
36 94
94 36
76 92
92 76
56 94
94 56
59 90
90 59
38 95
95 38
50 95
95 50
20 91
91 20
5 88
88 5
1 89
89 1
31 76
76 31
16 88
88 16
67 96
96 67
14 92
92 14
25 98
98 25
19 95
95 19
70 92
92 70
19 94
94 19
17 98
98 17
31 94
94 31
24 91
91 24
53 90
90 53
29 92
92 29
47 82
82 47
55 96
96 55
16 95
95 16
36 98
98 36
74 98
98 74
28 93
93 28
58 97
97 58
11 91
91 11
45 83
83 45
33 93
93 33
41 92
92 41
72 97
97 72
63 96
96 63
76 94
94 76
46 97
97 46
75 92
92 75
4 94
94 4
52 92
92 52
71 98
98 71
43 91
91 43
21 86
86 21
45 95
95 45
41 97
97 41
35 85
85 35
43 90
90 43
55 82
82 55
27 96
96 27
37 85
85 37
41 93
93 41
77 96
96 77
51 83
83 51
72 96
96 72
38 94
94 38
59 93
93 59
29 94
94 29
13 91
91 13
39 80
80 39
52 97
97 52
55 88
88 55
28 97
97 28
68 98
98 68
2 87
87 2
5 81
81 5
25 74
74 25
12 91
91 12
54 98
98 54
48 91
91 48
85 96
96 85
44 93
93 44
8 93
93 8
16 89
89 16
31 88
88 31
14 94
94 14
3 84
84 3
45 94
94 45
61 93
93 61
3 98
98 3
29 98
98 29
16 94
94 16
38 85
85 38
39 93
93 39
41 90
90 41
24 83
83 24
73 94
94 73
17 93
93 17
