100 2434
5 37
1 1726
1 377
4 901
3 232
1 1627
4 859
5 1742
3 237
2 1090
4 852
4 1649
5 382
3 1552
3 192
4 1399
3 875
2 728
4 870
3 599
1 1178
2 1791
5 1276
4 409
3 310
4 390
3 1270
1 1369
2 1677
4 408
2 388
3 1593
3 615
3 75
1 910
1 1758
3 826
1 1205
1 284
2 532
5 259
1 1982
5 1755
1 812
5 999
3 460
4 1503
1 202
4 651
3 416
5 1467
1 1019
2 822
2 808
4 1556
5 1729
5 1643
2 1900
1 1949
3 1533
2 322
5 893
1 1202
5 1116
4 692
1 1636
5 1098
2 365
3 768
1 1814
2 868
4 252
4 1778
1 1078
1 31
2 1791
5 18
5 236
2 354
2 1877
2 847
2 952
3 471
5 1263
2 1387
4 260
5 875
1 1862
1 420
3 965
1 697
4 885
1 499
2 1149
4 1773
5 930
2 1388
5 666
1 905
4 851
1 92
92 1
22 87
87 22
91 98
98 91
0 90
90 0
78 97
97 78
54 92
92 54
56 87
87 56
65 98
98 65
83 94
94 83
25 96
96 25
94 98
98 94
4 97
97 4
53 98
98 53
50 98
98 50
72 93
93 72
49 98
98 49
28 97
97 28
66 92
92 66
45 82
82 45
71 95
95 71
82 97
97 82
86 97
97 86
4 98
98 4
63 98
98 63
35 92
92 35
27 75
75 27
92 98
98 92
51 97
97 51
50 88
88 50
70 96
96 70
2 97
97 2
75 98
98 75
18 95
95 18
89 98
98 89
65 95
95 65
37 96
96 37
26 82
82 26
24 96
96 24
51 98
98 51
76 97
97 76
35 91
91 35
61 98
98 61
27 97
97 27
86 94
94 86
64 92
92 64
68 98
98 68
4 71
71 4
70 97
97 70
48 90
90 48
97 98
98 97
14 97
97 14
44 90
90 44
83 98
98 83
0 96
96 0
72 92
92 72
21 92
92 21
23 97
97 23
86 98
98 86
90 96
96 90
0 89
89 0
9 96
96 9
40 92
92 40
20 90
90 20
51 90
90 51
11 85
85 11
78 98
98 78
16 96
96 16
88 98
98 88
8 96
96 8
43 98
98 43
40 98
98 40
79 98
98 79
19 92
92 19
39 78
78 39
73 97
97 73
49 95
95 49
79 97
97 79
28 95
95 28
26 79
79 26
62 91
91 62
94 97
97 94
10 77
77 10
8 98
98 8
58 98
98 58
2 98
98 2
20 94
94 20
52 88
88 52
66 97
97 66
62 97
97 62
66 93
93 66
59 95
95 59
15 91
91 15
52 90
90 52
55 95
95 55
6 94
94 6
12 98
98 12
25 97
97 25
24 97
97 24
50 94
94 50
98 99
99 98
80 98
98 80
75 92
92 75
69 98
98 69
19 91
91 19
82 98
98 82
3 93
93 3
61 94
94 61
9 88
88 9
83 97
97 83
59 94
94 59
87 98
98 87
32 87
87 32
67 95
95 67
95 98
98 95
85 98
98 85
23 81
81 23
44 93
93 44
91 97
97 91
62 94
94 62
26 92
92 26
30 96
96 30
8 92
92 8
56 95
95 56
65 88
88 65
6 74
74 6
37 98
98 37
89 97
97 89
63 97
97 63
66 89
89 66
14 94
94 14
61 95
95 61
42 95
95 42
68 96
96 68
16 78
78 16
55 94
94 55
35 97
97 35
53 90
90 53
22 85
85 22
30 97
97 30
10 97
97 10
51 95
95 51
57 95
95 57
81 98
98 81
29 90
90 29
39 98
98 39
4 84
84 4
32 90
90 32
68 97
97 68
87 94
94 87
21 94
94 21
11 98
98 11
52 97
97 52
10 96
96 10
16 80
80 16
54 93
93 54
60 98
98 60
59 98
98 59
85 97
97 85
40 96
96 40
27 95
95 27
9 84
84 9
90 97
97 90
12 89
89 12
8 95
95 8
27 72
72 27
28 96
96 28
38 93
93 38
66 96
96 66
93 98
98 93
28 88
88 28
57 98
98 57
39 93
93 39
54 97
97 54
72 94
94 72
77 98
98 77
53 85
85 53
44 96
96 44
26 89
89 26
74 98
98 74
67 93
93 67
14 98
98 14
76 98
98 76
70 98
98 70
48 94
94 48
2 93
93 2
55 93
93 55
74 91
91 74
6 93
93 6
14 84
84 14
58 97
97 58
67 96
96 67
7 92
92 7
53 87
87 53
12 95
95 12
32 93
93 32
39 96
96 39
40 97
97 40
10 94
94 10
38 96
96 38
39 85
85 39
83 93
93 83
77 97
97 77
22 90
90 22
16 86
86 16
96 98
98 96
35 93
93 35
78 95
95 78
9 94
94 9
92 97
97 92
72 97
97 72
5 96
96 5
23 98
98 23
26 98
98 26
5 95
95 5
44 84
84 44
40 83
83 40
83 95
95 83
31 94
94 31
58 96
96 58
46 97
97 46
26 85
85 26
90 98
98 90
72 96
96 72
73 98
98 73
29 97
97 29
22 91
91 22
80 97
97 80
49 96
96 49
24 85
85 24
86 96
96 86
42 87
87 42
16 90
90 16
79 93
93 79
2 81
81 2
8 89
89 8
32 98
98 32
56 96
96 56
14 96
96 14
84 98
98 84
52 96
96 52
19 96
96 19
6 95
95 6
79 96
96 79
51 92
92 51
47 98
98 47
67 94
94 67
31 97
97 31
55 96
96 55
7 98
98 7
69 97
97 69
7 96
96 7
20 98
98 20
73 96
96 73
24 78
78 24
84 97
97 84
75 95
95 75
7 90
90 7
17 86
86 17
95 97
97 95
6 85
85 6
18 98
98 18
22 96
96 22
33 93
93 33
64 93
93 64
54 98
98 54
52 83
83 52
57 97
97 57
0 92
92 0
38 84
84 38
9 98
98 9
61 91
91 61
14 88
88 14
13 97
97 13
5 93
93 5
7 64
64 7
61 96
96 61
17 96
96 17
3 86
86 3
1 95
95 1
55 98
98 55
53 86
86 53
26 75
75 26
48 98
98 48
33 88
88 33
76 95
95 76
28 94
94 28
44 92
92 44
45 96
96 45
5 92
92 5
48 87
87 48
25 98
98 25
6 97
97 6
4 88
88 4
0 98
98 0
6 86
86 6
75 97
97 75
48 92
92 48
15 97
97 15
66 98
98 66
12 96
96 12
9 93
93 9
60 94
94 60
67 97
97 67
16 95
95 16
49 94
94 49
51 93
93 51
10 86
86 10
11 97
97 11
52 94
94 52
60 91
91 60
26 95
95 26
34 90
90 34
50 95
95 50
41 91
91 41
53 97
97 53
64 97
97 64
19 97
97 19
44 91
91 44
18 90
90 18
22 82
82 22
6 90
90 6
55 90
90 55
15 96
96 15
56 98
98 56
37 95
95 37
37 94
94 37
8 87
87 8
62 98
98 62
67 98
98 67
65 97
97 65
24 95
95 24
81 95
95 81
30 87
87 30
45 98
98 45
14 83
83 14
48 93
93 48
60 97
97 60
61 89
89 61
70 89
89 70
28 85
85 28
18 67
67 18
27 98
98 27
2 90
90 2
82 95
95 82
2 68
68 2
46 80
80 46
16 98
98 16
74 97
97 74
17 93
93 17
87 97
97 87
21 85
85 21
26 88
88 26
35 90
90 35
41 93
93 41
46 98
98 46
19 87
87 19
38 91
91 38
43 97
97 43
24 94
94 24
39 80
80 39
23 83
83 23
63 96
96 63
20 86
86 20
34 86
86 34
86 95
95 86
9 92
92 9
11 79
79 11
31 87
87 31
1 93
93 1
48 96
96 48
11 96
96 11
34 92
92 34
7 79
79 7
29 84
84 29
77 95
95 77
35 96
96 35
32 97
97 32
17 94
94 17
33 98
98 33
88 97
97 88
29 93
93 29
49 97
97 49
32 79
79 32
33 96
96 33
73 94
94 73
53 95
95 53
13 95
95 13
5 80
80 5
37 97
97 37
71 94
94 71
33 91
91 33
58 95
95 58
47 94
94 47
61 92
92 61
57 94
94 57
58 92
92 58
46 85
85 46
8 91
91 8
65 84
84 65
45 97
97 45
40 87
87 40
35 98
98 35
35 86
86 35
72 98
98 72
30 72
72 30
80 96
96 80
28 89
89 28
3 87
87 3
23 90
90 23
36 92
92 36
62 96
96 62
36 98
98 36
87 96
96 87
27 91
91 27
47 97
97 47
14 90
90 14
7 76
76 7
3 96
96 3
27 96
96 27
29 82
82 29
55 97
97 55
66 95
95 66
24 88
88 24
23 86
86 23
10 93
93 10
25 93
93 25
9 76
76 9
35 95
95 35
71 97
97 71
69 96
96 69
36 87
87 36
29 95
95 29
33 94
94 33
70 95
95 70
2 85
85 2
21 96
96 21
40 93
93 40
16 87
87 16
5 82
82 5
45 92
92 45
54 90
90 54
76 96
96 76
4 95
95 4
41 94
94 41
9 78
78 9
36 89
89 36
41 96
96 41
54 96
96 54
63 93
93 63
19 89
89 19
25 78
78 25
48 91
91 48
8 86
86 8
26 86
86 26
44 97
97 44
39 95
95 39
42 98
98 42
19 94
94 19
17 95
95 17
54 94
94 54
5 88
88 5
23 93
93 23
5 98
98 5
27 83
83 27
51 94
94 51
33 95
95 33
14 95
95 14
57 96
96 57
38 89
89 38
30 94
94 30
84 95
95 84
26 96
96 26
29 92
92 29
53 92
92 53
21 97
97 21
6 83
83 6
55 92
92 55
53 96
96 53
45 91
91 45
81 97
97 81
7 94
94 7
18 77
77 18
5 86
86 5
31 86
86 31
71 91
91 71
26 90
90 26
64 95
95 64
11 91
91 11
48 81
81 48
6 84
84 6
45 94
94 45
2 84
84 2
13 87
87 13
64 98
98 64
60 90
90 60
63 91
91 63
36 81
81 36
75 94
94 75
45 89
89 45
15 71
71 15
20 87
87 20
9 65
65 9
4 86
86 4
46 95
95 46
81 96
96 81
33 97
97 33
5 74
74 5
38 79
79 38
3 88
88 3
40 95
95 40
30 82
82 30
85 95
95 85
77 90
90 77
31 80
80 31
35 89
89 35
84 93
93 84
12 97
97 12
41 83
83 41
65 93
93 65
50 96
96 50
15 93
93 15
43 96
96 43
3 79
79 3
93 97
97 93
33 92
92 33
74 88
88 74
87 95
95 87
15 88
88 15
44 85
85 44
23 87
87 23
27 82
82 27
19 98
98 19
37 73
73 37
10 90
90 10
41 90
90 41
50 92
92 50
7 95
95 7
58 85
85 58
14 92
92 14
23 96
96 23
4 78
78 4
63 84
84 63
26 97
97 26
15 68
68 15
13 82
82 13
17 89
89 17
52 98
98 52
25 94
94 25
84 96
96 84
38 90
90 38
70 90
90 70
4 68
68 4
3 89
89 3
27 89
89 27
33 85
85 33
34 76
76 34
61 88
88 61
37 90
90 37
74 95
95 74
11 95
95 11
48 97
97 48
14 91
91 14
75 96
96 75
34 96
96 34
0 81
81 0
13 94
94 13
5 97
97 5
36 97
97 36
17 98
98 17
28 93
93 28
41 97
97 41
18 97
97 18
0 93
93 0
26 91
91 26
21 81
81 21
21 77
77 21
16 94
94 16
12 83
83 12
47 96
96 47
2 87
87 2
45 95
95 45
49 93
93 49
51 96
96 51
3 92
92 3
1 94
94 1
76 91
91 76
42 94
94 42
19 90
90 19
2 75
75 2
9 69
69 9
31 95
95 31
34 95
95 34
8 77
77 8
40 94
94 40
46 93
93 46
1 91
91 1
38 85
85 38
44 94
94 44
1 87
87 1
85 96
96 85
59 96
96 59
2 88
88 2
6 96
96 6
16 91
91 16
15 92
92 15
15 89
89 15
0 87
87 0
34 93
93 34
31 96
96 31
4 93
93 4
33 78
78 33
18 85
85 18
58 94
94 58
0 97
97 0
12 92
92 12
18 88
88 18
34 94
94 34
1 98
98 1
1 97
97 1
39 97
97 39
31 98
98 31
24 98
98 24
45 90
90 45
38 86
86 38
51 88
88 51
41 95
95 41
24 84
84 24
56 94
94 56
30 92
92 30
7 75
75 7
55 89
89 55
18 92
92 18
31 75
75 31
53 93
93 53
34 81
81 34
59 97
97 59
78 92
92 78
61 97
97 61
52 93
93 52
15 80
80 15
64 96
96 64
32 96
96 32
1 77
77 1
40 91
91 40
62 92
92 62
69 94
94 69
46 90
90 46
68 90
90 68
65 94
94 65
31 89
89 31
11 84
84 11
37 89
89 37
43 91
91 43
7 86
86 7
78 96
96 78
47 86
86 47
39 90
90 39
71 96
96 71
2 89
89 2
46 96
96 46
68 92
92 68
41 98
98 41
64 86
86 64
11 92
92 11
16 57
57 16
71 98
98 71
0 91
91 0
22 95
95 22
8 94
94 8
31 92
92 31
46 94
94 46
6 92
92 6
63 92
92 63
2 91
91 2
0 82
82 0
46 81
81 46
18 96
96 18
19 95
95 19
1 89
89 1
36 90
90 36
52 87
87 52
6 70
70 6
3 94
94 3
30 64
64 30
56 90
90 56
12 94
94 12
30 95
95 30
89 96
96 89
57 93
93 57
69 93
93 69
9 86
86 9
7 81
81 7
15 98
98 15
62 95
95 62
31 81
81 31
1 84
84 1
20 91
91 20
4 91
91 4
74 96
96 74
42 96
96 42
10 95
95 10
13 81
81 13
23 95
95 23
35 94
94 35
32 91
91 32
17 88
88 17
62 90
90 62
51 91
91 51
17 87
87 17
43 88
88 43
18 87
87 18
88 95
95 88
18 73
73 18
60 93
93 60
41 92
92 41
21 88
88 21
81 94
94 81
27 92
92 27
71 92
92 71
63 94
94 63
47 90
90 47
12 81
81 12
73 93
93 73
7 93
93 7
25 95
95 25
69 95
95 69
8 85
85 8
59 88
88 59
59 91
91 59
63 88
88 63
17 92
92 17
43 81
81 43
22 98
98 22
32 89
89 32
16 82
82 16
36 96
96 36
19 79
79 19
29 87
87 29
18 93
93 18
45 84
84 45
32 95
95 32
12 91
91 12
56 93
93 56
8 93
93 8
77 93
93 77
43 89
89 43
61 93
93 61
65 96
96 65
30 90
90 30
43 87
87 43
33 90
90 33
37 91
91 37
45 81
81 45
9 91
91 9
22 93
93 22
8 97
97 8
4 94
94 4
43 92
92 43
66 84
84 66
27 81
81 27
21 95
95 21
56 81
81 56
10 85
85 10
26 83
83 26
51 89
89 51
13 91
91 13
1 86
86 1
16 72
72 16
2 92
92 2
20 96
96 20
73 95
95 73
4 92
92 4
29 94
94 29
44 87
87 44
49 89
89 49
40 90
90 40
38 98
98 38
30 79
79 30
19 93
93 19
43 90
90 43
48 95
95 48
34 89
89 34
72 95
95 72
19 86
86 19
15 94
94 15
7 89
89 7
2 95
95 2
21 91
91 21
43 79
79 43
35 87
87 35
20 95
95 20
47 92
92 47
41 89
89 41
3 80
80 3
3 95
95 3
74 94
94 74
92 96
96 92
37 81
81 37
3 91
91 3
18 91
91 18
23 94
94 23
16 97
97 16
37 86
86 37
10 91
91 10
9 85
85 9
68 95
95 68
59 93
93 59
55 87
87 55
62 93
93 62
83 96
96 83
34 98
98 34
21 87
87 21
38 76
76 38
29 98
98 29
39 92
92 39
30 85
85 30
48 88
88 48
28 65
65 28
16 76
76 16
4 96
96 4
43 95
95 43
43 85
85 43
3 97
97 3
12 64
64 12
2 94
94 2
77 94
94 77
30 83
83 30
20 73
73 20
22 89
89 22
22 97
97 22
49 88
88 49
56 89
89 56
24 87
87 24
41 88
88 41
77 96
96 77
27 93
93 27
25 69
69 25
4 89
89 4
43 94
94 43
64 89
89 64
38 88
88 38
60 89
89 60
30 91
91 30
26 93
93 26
18 89
89 18
44 98
98 44
8 80
80 8
46 82
82 46
25 89
89 25
41 84
84 41
8 88
88 8
54 91
91 54
7 85
85 7
1 78
78 1
39 89
89 39
18 80
80 18
25 92
92 25
11 88
88 11
0 68
68 0
32 92
92 32
13 93
93 13
46 87
87 46
21 98
98 21
9 67
67 9
18 94
94 18
3 84
84 3
58 93
93 58
0 77
77 0
6 76
76 6
24 90
90 24
0 94
94 0
55 81
81 55
68 93
93 68
37 93
93 37
30 98
98 30
35 81
81 35
60 92
92 60
25 83
83 25
46 89
89 46
50 93
93 50
49 91
91 49
60 85
85 60
36 88
88 36
0 73
73 0
37 92
92 37
14 93
93 14
10 92
92 10
15 90
90 15
26 94
94 26
65 85
85 65
1 62
62 1
19 60
60 19
34 97
97 34
47 95
95 47
13 77
77 13
13 92
92 13
37 79
79 37
5 91
91 5
54 95
95 54
80 95
95 80
71 93
93 71
27 94
94 27
22 92
92 22
81 92
92 81
14 86
86 14
30 88
88 30
25 90
90 25
64 94
94 64
29 89
89 29
73 92
92 73
31 91
91 31
20 88
88 20
44 95
95 44
78 94
94 78
37 88
88 37
69 90
90 69
53 89
89 53
28 80
80 28
12 93
93 12
10 98
98 10
42 84
84 42
25 88
88 25
29 85
85 29
25 81
81 25
49 86
86 49
58 89
89 58
28 77
77 28
9 82
82 9
38 94
94 38
39 94
94 39
28 98
98 28
88 96
96 88
57 88
88 57
24 92
92 24
2 71
71 2
69 92
92 69
42 86
86 42
7 97
97 7
19 63
63 19
52 95
95 52
32 94
94 32
30 93
93 30
50 89
89 50
38 97
97 38
39 88
88 39
25 73
73 25
24 89
89 24
11 89
89 11
66 91
91 66
49 84
84 49
53 94
94 53
81 93
93 81
27 85
85 27
13 98
98 13
47 84
84 47
66 94
94 66
1 73
73 1
6 82
82 6
56 97
97 56
35 85
85 35
20 97
97 20
40 80
80 40
20 92
92 20
36 95
95 36
17 91
91 17
44 82
82 44
24 91
91 24
9 74
74 9
29 76
76 29
25 91
91 25
80 93
93 80
73 88
88 73
74 92
92 74
15 95
95 15
27 90
90 27
9 97
97 9
11 87
87 11
57 91
91 57
29 86
86 29
10 87
87 10
38 92
92 38
12 88
88 12
32 86
86 32
50 84
84 50
33 89
89 33
63 95
95 63
68 94
94 68
10 88
88 10
83 90
90 83
41 86
86 41
27 79
79 27
4 90
90 4
46 92
92 46
42 90
90 42
50 86
86 50
31 83
83 31
61 90
90 61
57 83
83 57
14 85
85 14
63 85
85 63
13 88
88 13
70 94
94 70
28 91
91 28
38 77
77 38
16 92
92 16
50 97
97 50
5 90
90 5
2 66
66 2
78 93
93 78
70 92
92 70
49 81
81 49
31 85
85 31
20 93
93 20
22 73
73 22
60 96
96 60
11 83
83 11
18 82
82 18
52 91
91 52
21 78
78 21
0 80
80 0
50 90
90 50
42 82
82 42
30 86
86 30
72 90
90 72
57 92
92 57
11 93
93 11
23 91
91 23
73 90
90 73
21 83
83 21
25 84
84 25
67 92
92 67
6 98
98 6
79 95
95 79
56 83
83 56
16 93
93 16
28 81
81 28
9 73
73 9
42 89
89 42
23 84
84 23
47 88
88 47
30 78
78 30
79 94
94 79
45 87
87 45
6 87
87 6
6 72
72 6
23 92
92 23
21 84
84 21
23 89
89 23
9 95
95 9
35 78
78 35
13 90
90 13
31 93
93 31
11 90
90 11
18 86
86 18
6 77
77 6
40 89
89 40
31 90
90 31
1 88
88 1
20 82
82 20
14 76
76 14
55 91
91 55
26 84
84 26
42 97
97 42
57 86
86 57
12 84
84 12
4 85
85 4
36 93
93 36
3 70
70 3
14 82
82 14
40 86
86 40
59 87
87 59
36 86
86 36
46 88
88 46
22 94
94 22
17 90
90 17
12 78
78 12
54 88
88 54
8 90
90 8
46 91
91 46
39 79
79 39
31 88
88 31
27 88
88 27
36 91
91 36
52 92
92 52
65 92
92 65
23 80
80 23
38 87
87 38
3 98
98 3
17 84
84 17
47 89
89 47
61 86
86 61
56 91
91 56
36 94
94 36
1 96
96 1
34 80
80 34
51 78
78 51
30 84
84 30
2 96
96 2
13 84
84 13
17 81
81 17
28 90
90 28
5 76
76 5
6 91
91 6
10 71
71 10
19 82
82 19
22 81
81 22
5 87
87 5
8 81
81 8
4 82
82 4
10 89
89 10
82 96
96 82
20 76
76 20
11 76
76 11
6 88
88 6
39 91
91 39
34 87
87 34
77 91
91 77
76 92
92 76
63 86
86 63
29 96
96 29
28 86
86 28
28 92
92 28
34 85
85 34
19 77
77 19
14 75
75 14
43 93
93 43
56 84
84 56
19 72
72 19
20 85
85 20
0 75
75 0
1 71
71 1
24 81
81 24
42 92
92 42
37 83
83 37
1 80
80 1
52 82
82 52
19 84
84 19
19 83
83 19
17 83
83 17
14 87
87 14
76 94
94 76
49 92
92 49
50 83
83 50
59 85
85 59
25 87
87 25
53 88
88 53
37 82
82 37
38 80
80 38
80 92
92 80
45 83
83 45
80 94
94 80
6 78
78 6
68 89
89 68
55 88
88 55
3 75
75 3
12 75
75 12
51 84
84 51
0 86
86 0
42 93
93 42
34 91
91 34
26 87
87 26
17 97
97 17
57 90
90 57
39 87
87 39
76 93
93 76
39 86
86 39
8 76
76 8
21 93
93 21
44 69
69 44
50 85
85 50
56 92
92 56
14 78
78 14
34 84
84 34
12 62
62 12
48 89
89 48
24 93
93 24
88 94
94 88
0 71
71 0
22 80
80 22
9 89
89 9
3 69
69 3
21 80
80 21
13 89
89 13
16 88
88 16
32 82
82 32
23 88
88 23
27 78
78 27
27 86
86 27
2 77
77 2
15 85
85 15
44 86
86 44
72 89
89 72
47 93
93 47
42 85
85 42
26 77
77 26
22 78
78 22
3 82
82 3
11 71
71 11
18 81
81 18
35 69
69 35
6 89
89 6
8 78
78 8
38 95
95 38
25 85
85 25
40 79
79 40
14 74
74 14
27 84
84 27
1 70
70 1
2 74
74 2
25 71
71 25
65 91
91 65
74 93
93 74
48 79
79 48
3 81
81 3
14 79
79 14
28 78
78 28
67 89
89 67
