100 2026
2 445
1 1214
5 1316
1 1576
2 545
5 410
1 1876
5 452
1 843
2 1118
5 1037
4 379
1 1252
2 29
4 1116
3 391
4 294
3 248
3 529
5 1270
1 517
1 810
5 853
5 607
5 1301
2 1154
4 1433
3 1539
1 152
2 1180
4 742
1 746
4 1175
1 1511
3 1854
5 352
2 624
5 1976
4 519
2 587
4 1938
1 1373
3 514
4 748
1 1794
3 727
4 1736
3 1754
4 1975
3 967
3 658
5 1711
2 1588
3 1695
3 87
4 1463
1 1270
4 1853
1 879
3 284
3 118
2 219
5 1697
4 1201
4 716
2 207
3 1888
5 1942
5 1432
3 526
2 1492
5 807
3 1487
5 1889
1 1763
4 1140
2 540
3 1814
5 895
4 1533
4 1500
3 1307
4 454
4 717
5 527
5 766
5 1768
2 462
1 1798
1 835
3 1065
4 1172
1 1296
5 1767
4 510
3 246
5 1453
1 387
4 1833
5 1945
59 96
96 59
87 97
97 87
93 97
97 93
14 91
91 14
71 97
97 71
66 96
96 66
65 97
97 65
84 97
97 84
9 89
89 9
89 98
98 89
12 91
91 12
81 95
95 81
37 88
88 37
42 96
96 42
37 95
95 37
63 98
98 63
43 95
95 43
47 95
95 47
73 98
98 73
80 98
98 80
33 91
91 33
62 98
98 62
79 98
98 79
0 86
86 0
54 92
92 54
94 98
98 94
40 96
96 40
78 98
98 78
51 95
95 51
50 96
96 50
26 95
95 26
68 97
97 68
52 97
97 52
88 98
98 88
91 98
98 91
12 90
90 12
51 91
91 51
35 88
88 35
12 98
98 12
53 97
97 53
54 88
88 54
4 85
85 4
43 91
91 43
17 97
97 17
62 95
95 62
85 97
97 85
73 97
97 73
77 98
98 77
10 98
98 10
44 91
91 44
86 98
98 86
32 90
90 32
74 97
97 74
38 81
81 38
6 95
95 6
75 98
98 75
87 96
96 87
21 93
93 21
0 96
96 0
82 96
96 82
84 98
98 84
10 92
92 10
26 88
88 26
61 93
93 61
45 95
95 45
56 96
96 56
5 89
89 5
72 98
98 72
90 97
97 90
34 96
96 34
29 73
73 29
78 97
97 78
92 98
98 92
76 97
97 76
47 90
90 47
24 87
87 24
65 98
98 65
9 90
90 9
96 98
98 96
49 89
89 49
18 94
94 18
13 94
94 13
12 92
92 12
73 95
95 73
27 87
87 27
36 91
91 36
55 98
98 55
14 86
86 14
57 94
94 57
31 96
96 31
1 89
89 1
51 92
92 51
66 97
97 66
24 94
94 24
2 98
98 2
98 99
99 98
21 97
97 21
40 95
95 40
15 81
81 15
7 90
90 7
28 92
92 28
51 98
98 51
68 98
98 68
33 95
95 33
13 96
96 13
37 92
92 37
20 96
96 20
77 97
97 77
48 94
94 48
97 98
98 97
36 88
88 36
16 89
89 16
69 98
98 69
71 98
98 71
53 98
98 53
21 98
98 21
76 96
96 76
5 91
91 5
11 88
88 11
62 94
94 62
38 98
98 38
41 94
94 41
64 97
97 64
5 98
98 5
0 98
98 0
64 95
95 64
74 98
98 74
21 96
96 21
76 95
95 76
48 95
95 48
22 92
92 22
19 96
96 19
42 94
94 42
30 96
96 30
36 95
95 36
57 95
95 57
95 98
98 95
43 86
86 43
0 97
97 0
67 98
98 67
66 78
78 66
25 81
81 25
27 96
96 27
60 94
94 60
55 90
90 55
91 97
97 91
14 90
90 14
36 83
83 36
16 80
80 16
47 93
93 47
27 72
72 27
36 92
92 36
23 93
93 23
50 98
98 50
3 87
87 3
44 96
96 44
34 95
95 34
53 96
96 53
10 89
89 10
22 72
72 22
14 96
96 14
56 92
92 56
55 96
96 55
66 82
82 66
79 95
95 79
58 95
95 58
85 98
98 85
38 97
97 38
69 96
96 69
63 95
95 63
16 96
96 16
20 81
81 20
32 94
94 32
15 95
95 15
80 96
96 80
24 93
93 24
60 91
91 60
9 91
91 9
30 93
93 30
7 86
86 7
67 96
96 67
42 83
83 42
26 93
93 26
26 96
96 26
70 96
96 70
4 98
98 4
46 91
91 46
29 96
96 29
62 97
97 62
50 93
93 50
27 97
97 27
63 97
97 63
59 97
97 59
45 98
98 45
55 92
92 55
39 97
97 39
18 68
68 18
84 96
96 84
29 88
88 29
78 93
93 78
48 98
98 48
61 98
98 61
29 98
98 29
34 98
98 34
83 96
96 83
90 98
98 90
18 79
79 18
17 90
90 17
64 98
98 64
44 98
98 44
83 98
98 83
8 89
89 8
27 95
95 27
49 90
90 49
31 95
95 31
4 88
88 4
27 98
98 27
59 84
84 59
58 92
92 58
22 95
95 22
91 96
96 91
49 96
96 49
16 91
91 16
43 97
97 43
2 74
74 2
13 83
83 13
44 81
81 44
66 95
95 66
28 87
87 28
62 91
91 62
47 92
92 47
9 87
87 9
22 96
96 22
19 97
97 19
47 96
96 47
29 82
82 29
35 91
91 35
5 90
90 5
85 96
96 85
45 96
96 45
52 94
94 52
87 98
98 87
89 96
96 89
10 68
68 10
30 86
86 30
42 97
97 42
0 95
95 0
68 92
92 68
69 94
94 69
70 98
98 70
58 98
98 58
9 73
73 9
9 92
92 9
3 93
93 3
28 93
93 28
48 89
89 48
78 96
96 78
12 87
87 12
74 90
90 74
21 71
71 21
11 98
98 11
54 87
87 54
52 89
89 52
4 92
92 4
77 95
95 77
38 88
88 38
29 91
91 29
7 92
92 7
2 76
76 2
81 98
98 81
89 97
97 89
8 97
97 8
23 98
98 23
33 93
93 33
30 98
98 30
8 91
91 8
5 77
77 5
72 87
87 72
9 80
80 9
52 98
98 52
32 80
80 32
2 84
84 2
56 95
95 56
61 92
92 61
42 92
92 42
83 97
97 83
57 98
98 57
57 91
91 57
2 96
96 2
11 94
94 11
59 92
92 59
84 95
95 84
40 90
90 40
15 96
96 15
20 94
94 20
66 93
93 66
38 90
90 38
80 95
95 80
44 94
94 44
38 92
92 38
8 95
95 8
77 94
94 77
71 94
94 71
79 91
91 79
65 91
91 65
1 88
88 1
5 94
94 5
42 91
91 42
56 94
94 56
13 98
98 13
37 86
86 37
72 92
92 72
82 98
98 82
14 93
93 14
89 95
95 89
44 95
95 44
68 94
94 68
45 97
97 45
66 94
94 66
87 95
95 87
55 93
93 55
37 82
82 37
39 98
98 39
8 81
81 8
22 82
82 22
6 87
87 6
1 82
82 1
33 98
98 33
37 91
91 37
74 95
95 74
27 92
92 27
66 91
91 66
60 98
98 60
22 97
97 22
36 94
94 36
24 90
90 24
17 87
87 17
60 97
97 60
79 97
97 79
28 91
91 28
23 73
73 23
30 95
95 30
35 87
87 35
4 89
89 4
3 97
97 3
1 96
96 1
74 96
96 74
18 90
90 18
35 98
98 35
25 95
95 25
30 88
88 30
55 85
85 55
32 96
96 32
71 93
93 71
27 94
94 27
59 98
98 59
21 92
92 21
6 97
97 6
24 70
70 24
68 96
96 68
36 97
97 36
61 97
97 61
18 82
82 18
3 83
83 3
86 97
97 86
19 95
95 19
46 96
96 46
30 82
82 30
71 96
96 71
56 90
90 56
54 98
98 54
17 75
75 17
7 96
96 7
27 93
93 27
35 93
93 35
53 84
84 53
93 98
98 93
64 93
93 64
74 92
92 74
11 97
97 11
26 89
89 26
0 94
94 0
75 97
97 75
21 91
91 21
15 98
98 15
2 85
85 2
72 96
96 72
22 98
98 22
59 93
93 59
38 89
89 38
40 92
92 40
46 97
97 46
28 95
95 28
65 93
93 65
18 97
97 18
2 72
72 2
17 93
93 17
82 95
95 82
54 97
97 54
75 96
96 75
4 61
61 4
60 90
90 60
51 96
96 51
42 93
93 42
65 95
95 65
6 92
92 6
33 97
97 33
53 93
93 53
77 96
96 77
38 73
73 38
82 92
92 82
36 98
98 36
92 97
97 92
34 90
90 34
47 98
98 47
54 93
93 54
7 97
97 7
31 83
83 31
82 97
97 82
5 87
87 5
58 97
97 58
88 97
97 88
33 87
87 33
9 96
96 9
57 89
89 57
81 97
97 81
28 97
97 28
70 97
97 70
62 96
96 62
16 90
90 16
10 83
83 10
4 95
95 4
44 92
92 44
64 94
94 64
10 95
95 10
48 87
87 48
45 91
91 45
4 86
86 4
66 88
88 66
61 96
96 61
16 86
86 16
22 87
87 22
61 83
83 61
49 94
94 49
7 94
94 7
36 84
84 36
66 98
98 66
43 94
94 43
63 88
88 63
22 88
88 22
15 90
90 15
50 90
90 50
59 95
95 59
42 79
79 42
21 82
82 21
24 97
97 24
22 90
90 22
41 96
96 41
26 80
80 26
11 91
91 11
11 86
86 11
12 97
97 12
31 90
90 31
24 98
98 24
3 98
98 3
11 87
87 11
48 96
96 48
94 97
97 94
14 88
88 14
23 70
70 23
0 91
91 0
11 81
81 11
51 97
97 51
37 97
97 37
57 96
96 57
25 96
96 25
3 91
91 3
2 94
94 2
58 96
96 58
29 97
97 29
61 94
94 61
76 98
98 76
19 92
92 19
66 92
92 66
51 85
85 51
75 94
94 75
83 95
95 83
36 86
86 36
60 93
93 60
43 96
96 43
78 95
95 78
70 95
95 70
19 98
98 19
41 97
97 41
20 98
98 20
20 93
93 20
19 87
87 19
86 96
96 86
72 97
97 72
26 97
97 26
2 97
97 2
40 97
97 40
18 98
98 18
32 98
98 32
63 96
96 63
0 92
92 0
65 96
96 65
20 91
91 20
39 89
89 39
34 91
91 34
27 90
90 27
15 87
87 15
7 89
89 7
43 93
93 43
4 87
87 4
5 85
85 5
48 90
90 48
51 90
90 51
61 90
90 61
64 96
96 64
55 94
94 55
1 91
91 1
24 95
95 24
18 95
95 18
4 84
84 4
32 89
89 32
3 90
90 3
41 98
98 41
23 95
95 23
2 95
95 2
50 95
95 50
15 92
92 15
46 88
88 46
35 90
90 35
10 94
94 10
13 92
92 13
2 93
93 2
37 98
98 37
54 96
96 54
28 85
85 28
62 87
87 62
79 92
92 79
85 95
95 85
13 88
88 13
11 84
84 11
24 89
89 24
15 94
94 15
32 66
66 32
10 96
96 10
20 64
64 20
56 91
91 56
23 96
96 23
9 88
88 9
55 97
97 55
13 95
95 13
73 93
93 73
11 93
93 11
39 96
96 39
41 92
92 41
3 94
94 3
19 89
89 19
93 96
96 93
8 96
96 8
59 89
89 59
36 96
96 36
15 76
76 15
58 94
94 58
49 97
97 49
47 97
97 47
67 95
95 67
30 97
97 30
54 94
94 54
40 91
91 40
18 96
96 18
43 72
72 43
16 94
94 16
1 87
87 1
41 78
78 41
60 96
96 60
26 84
84 26
19 90
90 19
14 95
95 14
0 71
71 0
31 80
80 31
6 90
90 6
79 94
94 79
3 95
95 3
5 81
81 5
65 89
89 65
2 92
92 2
10 90
90 10
9 97
97 9
2 88
88 2
12 84
84 12
82 94
94 82
31 78
78 31
50 94
94 50
13 91
91 13
9 76
76 9
4 78
78 4
69 97
97 69
17 84
84 17
6 79
79 6
26 98
98 26
52 91
91 52
68 95
95 68
75 89
89 75
24 96
96 24
7 98
98 7
14 97
97 14
26 66
66 26
3 69
69 3
4 81
81 4
41 93
93 41
32 97
97 32
47 91
91 47
31 93
93 31
65 94
94 65
57 83
83 57
56 97
97 56
37 96
96 37
11 92
92 11
17 89
89 17
78 94
94 78
49 88
88 49
53 94
94 53
10 86
86 10
49 98
98 49
25 98
98 25
63 93
93 63
18 88
88 18
86 95
95 86
8 90
90 8
29 95
95 29
21 95
95 21
68 93
93 68
58 93
93 58
46 94
94 46
73 96
96 73
27 70
70 27
11 89
89 11
72 95
95 72
52 92
92 52
38 91
91 38
5 92
92 5
79 96
96 79
49 86
86 49
45 87
87 45
18 84
84 18
35 89
89 35
36 82
82 36
7 91
91 7
18 91
91 18
80 97
97 80
40 94
94 40
27 77
77 27
10 93
93 10
49 93
93 49
11 65
65 11
42 98
98 42
1 98
98 1
53 95
95 53
43 88
88 43
31 94
94 31
17 96
96 17
20 87
87 20
60 92
92 60
62 92
92 62
13 90
90 13
52 95
95 52
6 96
96 6
9 77
77 9
26 92
92 26
25 94
94 25
5 82
82 5
17 98
98 17
66 90
90 66
65 88
88 65
57 93
93 57
19 91
91 19
14 89
89 14
35 97
97 35
52 83
83 52
35 96
96 35
3 82
82 3
6 85
85 6
6 93
93 6
49 87
87 49
33 92
92 33
31 91
91 31
79 89
89 79
6 84
84 6
51 89
89 51
60 89
89 60
20 90
90 20
33 83
83 33
27 79
79 27
27 89
89 27
15 65
65 15
34 79
79 34
5 97
97 5
37 76
76 37
8 61
61 8
39 93
93 39
14 81
81 14
1 97
97 1
31 97
97 31
34 97
97 34
19 88
88 19
6 94
94 6
45 94
94 45
23 84
84 23
42 87
87 42
40 87
87 40
16 92
92 16
67 88
88 67
1 90
90 1
17 88
88 17
22 94
94 22
33 88
88 33
15 88
88 15
54 90
90 54
38 96
96 38
36 89
89 36
58 88
88 58
52 96
96 52
5 84
84 5
35 82
82 35
72 89
89 72
3 84
84 3
90 96
96 90
67 92
92 67
10 97
97 10
5 88
88 5
30 91
91 30
59 94
94 59
28 96
96 28
31 77
77 31
17 83
83 17
22 93
93 22
4 96
96 4
44 86
86 44
8 74
74 8
28 90
90 28
67 97
97 67
40 98
98 40
39 84
84 39
51 94
94 51
76 94
94 76
34 74
74 34
63 90
90 63
20 92
92 20
19 93
93 19
16 95
95 16
17 86
86 17
21 78
78 21
74 87
87 74
24 92
92 24
44 97
97 44
32 95
95 32
69 85
85 69
2 82
82 2
6 91
91 6
71 92
92 71
14 80
80 14
0 93
93 0
84 94
94 84
3 76
76 3
52 93
93 52
5 65
65 5
7 93
93 7
6 73
73 6
43 98
98 43
39 90
90 39
29 85
85 29
18 70
70 18
39 92
92 39
2 86
86 2
56 93
93 56
20 95
95 20
24 71
71 24
5 95
95 5
39 94
94 39
31 92
92 31
44 90
90 44
6 88
88 6
33 90
90 33
38 87
87 38
0 87
87 0
70 91
91 70
81 90
90 81
61 95
95 61
19 85
85 19
6 89
89 6
18 78
78 18
75 95
95 75
12 94
94 12
23 88
88 23
1 65
65 1
4 93
93 4
23 83
83 23
81 96
96 81
5 78
78 5
46 98
98 46
4 94
94 4
6 75
75 6
50 89
89 50
57 97
97 57
8 94
94 8
36 93
93 36
2 67
67 2
16 72
72 16
1 92
92 1
2 83
83 2
58 89
89 58
16 77
77 16
58 87
87 58
40 93
93 40
1 68
68 1
28 86
86 28
67 93
93 67
24 73
73 24
35 94
94 35
69 91
91 69
9 67
67 9
15 72
72 15
8 98
98 8
8 92
92 8
38 95
95 38
9 81
81 9
6 98
98 6
39 95
95 39
4 91
91 4
17 91
91 17
48 93
93 48
43 90
90 43
54 95
95 54
36 79
79 36
1 58
58 1
42 95
95 42
38 93
93 38
24 81
81 24
21 79
79 21
15 85
85 15
10 74
74 10
5 86
86 5
50 92
92 50
29 83
83 29
11 95
95 11
38 80
80 38
74 94
94 74
30 94
94 30
15 97
97 15
12 77
77 12
54 91
91 54
26 86
86 26
0 80
80 0
23 92
92 23
64 90
90 64
72 94
94 72
25 97
97 25
26 94
94 26
46 89
89 46
10 82
82 10
45 86
86 45
56 98
98 56
64 92
92 64
45 89
89 45
1 86
86 1
25 82
82 25
95 97
97 95
24 88
88 24
35 92
92 35
79 93
93 79
69 90
90 69
60 95
95 60
34 94
94 34
53 90
90 53
64 91
91 64
18 76
76 18
2 91
91 2
39 88
88 39
69 95
95 69
46 86
86 46
47 94
94 47
54 85
85 54
1 94
94 1
62 81
81 62
9 83
83 9
48 97
97 48
4 97
97 4
50 97
97 50
71 95
95 71
29 86
86 29
5 83
83 5
23 90
90 23
23 97
97 23
27 69
69 27
32 83
83 32
17 95
95 17
29 87
87 29
16 98
98 16
9 94
94 9
16 93
93 16
12 95
95 12
38 86
86 38
72 93
93 72
32 92
92 32
20 97
97 20
46 79
79 46
42 90
90 42
44 76
76 44
12 79
79 12
14 98
98 14
9 78
78 9
26 90
90 26
33 80
80 33
69 92
92 69
61 91
91 61
28 79
79 28
80 93
93 80
56 88
88 56
8 93
93 8
25 74
74 25
32 93
93 32
7 73
73 7
9 95
95 9
2 89
89 2
21 80
80 21
67 87
87 67
52 84
84 52
14 92
92 14
23 87
87 23
25 87
87 25
30 87
87 30
46 92
92 46
18 92
92 18
45 93
93 45
20 77
77 20
0 75
75 0
26 91
91 26
26 85
85 26
57 90
90 57
69 93
93 69
31 87
87 31
65 92
92 65
16 97
97 16
51 93
93 51
86 94
94 86
3 79
79 3
29 93
93 29
3 75
75 3
18 74
74 18
13 89
89 13
25 93
93 25
53 89
89 53
14 85
85 14
34 81
81 34
38 76
76 38
55 89
89 55
35 95
95 35
24 84
84 24
6 49
49 6
35 86
86 35
24 83
83 24
48 92
92 48
37 93
93 37
31 98
98 31
46 93
93 46
54 84
84 54
9 93
93 9
14 94
94 14
33 94
94 33
18 85
85 18
29 79
79 29
6 86
86 6
13 87
87 13
62 90
90 62
29 81
81 29
25 85
85 25
28 98
98 28
20 89
89 20
61 89
89 61
47 83
83 47
0 90
90 0
2 87
87 2
37 94
94 37
50 78
78 50
12 96
96 12
24 76
76 24
41 87
87 41
53 91
91 53
20 83
83 20
35 83
83 35
55 91
91 55
25 80
80 25
46 95
95 46
14 79
79 14
0 85
85 0
41 95
95 41
41 91
91 41
66 89
89 66
0 81
81 0
1 83
83 1
48 88
88 48
12 86
86 12
0 78
78 0
8 84
84 8
37 90
90 37
8 72
72 8
34 89
89 34
3 96
96 3
52 85
85 52
