100 8
1 1654
3 172
3 1864
5 319
5 561
3 939
2 12
3 413
2 595
5 33
1 1208
4 723
1 1447
5 629
2 338
4 595
4 217
2 42
5 1137
5 50
2 1461
2 1587
5 667
2 119
3 1122
3 56
4 1378
1 1727
4 443
2 527
4 1652
2 412
3 205
3 748
1 141
3 1704
2 1172
5 903
3 1566
4 187
3 491
2 1750
5 869
3 497
5 1701
2 1994
4 1721
4 685
5 1862
2 1149
4 1756
1 892
4 1401
5 1498
2 1880
5 444
1 4
3 104
2 380
1 1515
3 1003
5 1861
3 1021
4 1163
3 1628
3 1170
1 583
2 1772
3 779
4 745
5 740
5 937
2 602
3 1388
1 699
3 165
3 1773
4 783
1 1665
1 48
2 1804
3 1933
2 456
5 1661
1 622
2 647
5 307
5 1664
4 534
1 1099
3 522
4 343
5 777
3 109
3 1042
5 50
3 517
4 84
3 1509
1 205
71 88
88 71
13 93
93 13
70 96
96 70
34 96
96 34
